200 PA4-E-Debug-sidOutput.txt
-30.55	9.49	-21.33		-30.51	9.40	-21.35	0.104
-3.49	-23.26	-32.88		-3.48	-23.28	-32.88	0.028
-8.08	8.18	-13.00		-8.08	8.17	-13.00	0.013
-5.96	-24.94	-34.52		-5.96	-24.93	-34.52	0.003
-32.46	-7.41	-8.23		-32.46	-7.42	-8.26	0.025
27.31	5.20	27.10		27.27	5.20	27.08	0.051
-11.38	-3.07	11.52		-11.49	-3.15	11.58	0.146
9.90	25.23	14.02		9.89	25.16	14.00	0.071
-29.00	-21.29	-8.06		-29.02	-21.31	-8.02	0.042
-9.01	2.61	24.57		-9.06	2.60	24.59	0.055
-29.68	7.44	-36.07		-29.70	7.49	-36.09	0.059
-22.58	9.48	-18.00		-22.58	9.42	-18.07	0.095
20.58	-0.35	49.71		20.64	-0.37	49.72	0.065
0.81	-8.10	-28.06		0.84	-8.09	-28.08	0.032
37.25	-2.00	4.12		37.23	-1.98	4.12	0.033
-22.78	-17.63	-6.30		-22.78	-17.63	-6.27	0.027
33.47	8.87	-23.49		33.43	8.87	-23.47	0.041
-38.41	-22.42	-18.20		-38.35	-22.38	-18.22	0.074
-25.59	-1.44	-46.81		-25.60	-1.43	-46.84	0.026
15.77	-6.47	21.22		15.81	-6.73	21.25	0.265
-19.95	-13.19	-4.84		-19.96	-13.20	-4.82	0.022
18.61	-1.53	58.25		18.54	-1.47	58.24	0.098
-25.71	-0.46	-46.19		-25.72	-0.44	-46.22	0.032
4.43	12.48	63.20		4.43	12.48	63.19	0.014
38.21	-0.27	2.62		38.21	-0.27	2.62	0.002
34.01	-3.82	10.38		34.01	-3.83	10.38	0.010
-5.81	-0.39	40.51		-6.02	-0.45	40.52	0.220
-6.81	19.51	14.06		-6.88	19.62	13.95	0.172
-6.39	20.91	14.60		-6.31	20.79	14.73	0.196
35.60	11.67	-14.67		35.59	11.67	-14.67	0.012
6.28	17.81	62.80		6.30	17.90	62.87	0.116
11.88	21.76	45.57		11.92	21.63	45.56	0.140
-37.70	-11.42	-42.59		-37.62	-11.43	-42.55	0.087
-11.15	21.97	18.62		-11.12	21.94	18.67	0.064
5.38	-8.37	22.68		5.35	-8.27	22.67	0.096
-25.78	-29.63	-37.09		-25.76	-29.55	-37.05	0.088
5.88	23.82	3.92		5.93	23.74	3.94	0.097
-10.73	-14.67	-46.28		-10.72	-14.68	-46.31	0.033
-5.63	-22.63	-37.24		-5.56	-22.69	-37.30	0.106
9.69	-15.17	-13.90		9.72	-15.37	-13.95	0.214
13.95	6.71	62.98		13.95	6.71	63.02	0.042
-35.03	3.92	-15.98		-35.10	3.98	-15.87	0.143
14.08	-6.87	21.57		14.09	-6.94	21.58	0.074
33.28	-6.01	-3.68		33.18	-5.94	-3.68	0.126
7.91	20.48	45.75		7.89	20.63	45.76	0.149
20.04	25.45	6.91		20.06	25.48	6.92	0.030
-14.58	-24.75	-42.62		-14.59	-24.72	-42.58	0.052
21.32	15.95	39.82		21.39	15.99	39.83	0.086
-24.57	0.76	-45.82		-24.56	0.75	-45.81	0.014
36.88	-1.55	-2.33		36.93	-1.61	-2.32	0.080
39.86	7.66	-3.70		39.81	7.64	-3.69	0.056
-8.93	9.22	5.49		-8.88	9.19	5.50	0.057
-24.40	-8.00	-6.07		-24.40	-8.00	-6.09	0.021
-13.96	5.23	-8.28		-13.95	5.23	-8.28	0.004
2.84	18.57	2.14		2.88	18.54	2.15	0.042
-9.46	-4.43	14.28		-9.53	-4.46	14.29	0.074
-25.04	-0.06	-11.35		-25.03	-0.08	-11.37	0.027
-6.75	1.40	36.30		-6.75	1.40	36.30	0.001
28.39	-7.75	7.02		28.37	-7.70	7.00	0.059
18.43	-12.71	-18.72		18.43	-12.71	-18.73	0.010
21.65	8.79	56.39		21.75	8.80	56.40	0.097
36.18	-3.41	-9.86		36.12	-3.36	-9.88	0.084
13.62	-10.79	-20.17		13.61	-10.62	-20.01	0.231
-4.53	-4.46	37.73		-4.45	-4.38	37.71	0.120
-39.38	-14.67	-13.74		-39.36	-14.66	-13.76	0.028
9.90	22.74	29.91		9.90	22.63	29.89	0.119
-3.26	-14.47	-39.68		-3.30	-14.47	-39.65	0.054
-1.50	-5.52	50.51		-1.50	-5.52	50.51	0.002
34.37	-3.14	10.55		34.40	-3.16	10.57	0.037
-7.81	-10.67	4.65		-7.79	-10.64	4.63	0.039
-26.10	-28.69	-14.48		-26.12	-28.77	-14.45	0.088
0.51	10.85	-7.96		0.52	10.82	-7.95	0.029
20.04	0.41	-24.44		20.05	0.41	-24.43	0.020
-4.98	-2.38	62.24		-5.00	-2.40	62.24	0.033
1.30	-3.88	-26.19		1.28	-3.89	-26.17	0.029
-43.11	-9.68	-20.16		-43.09	-9.68	-20.16	0.028
25.48	16.12	-27.68		25.46	16.10	-27.65	0.031
-40.32	-1.24	-17.58		-40.32	-1.23	-17.58	0.008
3.50	18.98	56.27		3.54	18.86	56.26	0.121
25.43	5.94	34.08		25.42	5.94	34.08	0.004
-7.06	6.78	50.15		-7.00	6.77	50.15	0.059
14.69	-17.39	-9.42		14.72	-17.27	-9.39	0.126
28.70	0.69	21.08		28.60	0.73	21.04	0.112
-38.83	-21.17	-17.47		-38.83	-21.17	-17.47	0.005
23.81	4.49	-29.89		23.79	4.46	-29.98	0.088
-8.91	7.58	30.81		-8.92	7.56	30.81	0.021
-14.06	10.81	-21.66		-13.47	10.61	-21.67	0.626
-34.10	-5.17	-44.31		-34.10	-5.17	-44.31	0.001
-1.04	-10.28	16.19		-1.04	-10.27	16.19	0.017
9.89	8.39	63.02		9.89	8.38	63.05	0.023
-11.95	9.62	16.65		-11.84	9.64	16.67	0.114
-29.87	-29.41	-18.48		-29.86	-29.40	-18.48	0.006
8.13	-6.93	30.17		8.12	-6.91	30.17	0.021
-22.26	8.84	-37.55		-22.26	8.87	-37.58	0.044
-43.08	-16.12	-26.27		-43.09	-16.12	-26.27	0.011
9.14	21.87	-7.36		9.09	21.92	-7.38	0.074
-36.02	-19.71	-11.89		-36.00	-19.68	-11.94	0.058
18.86	21.65	28.30		18.84	21.62	28.29	0.045
3.90	-7.29	32.51		3.90	-7.29	32.51	0.003
31.21	17.00	-20.08		31.24	17.03	-20.09	0.040
-10.12	-18.52	-7.79		-10.12	-18.62	-7.67	0.151
-5.59	-1.18	48.85		-5.55	-1.17	48.85	0.042
13.59	22.00	37.46		13.62	22.11	37.45	0.120
20.30	11.44	-30.72		20.33	11.43	-30.72	0.032
13.51	27.13	4.47		13.51	27.12	4.47	0.009
-3.35	-4.99	43.56		-3.32	-4.95	43.55	0.049
-42.57	-9.93	-18.44		-42.59	-9.93	-18.43	0.018
-9.49	7.12	26.82		-9.85	6.97	26.90	0.398
33.96	-4.72	-20.63		33.86	-4.65	-20.60	0.127
7.40	25.44	6.03		7.39	25.48	6.03	0.044
-19.31	-24.51	-9.55		-19.29	-24.55	-9.48	0.080
26.23	-9.77	1.18		26.24	-9.91	1.22	0.151
34.57	15.14	7.66		34.54	15.11	7.64	0.048
-6.26	-8.35	15.06		-6.28	-8.38	15.06	0.036
-5.50	-1.55	56.47		-5.42	-1.53	56.47	0.082
-34.95	1.29	-40.08		-34.93	1.27	-40.06	0.033
2.94	23.31	28.09		2.93	23.23	28.08	0.080
35.07	7.51	-19.93		35.22	7.53	-19.98	0.166
-19.31	-24.91	-43.72		-19.31	-24.91	-43.71	0.005
-30.09	-30.87	-24.75		-30.05	-30.79	-24.76	0.090
-41.82	-1.06	-27.32		-41.91	-1.01	-27.33	0.103
2.44	-7.96	27.20		2.45	-8.01	27.21	0.057
31.25	13.39	-24.40		31.11	13.29	-24.30	0.202
-0.24	-6.89	-29.09		-0.19	-6.87	-29.13	0.063
13.64	-5.81	55.64		13.58	-5.70	55.64	0.122
-3.93	-2.30	-35.22		-3.90	-2.29	-35.22	0.036
15.60	19.55	-30.84		15.63	19.56	-30.86	0.044
6.83	-8.27	19.38		6.88	-8.43	19.43	0.176
24.79	16.44	-27.73		24.80	16.46	-27.76	0.040
-15.18	-17.29	-47.17		-15.18	-17.29	-47.17	0.007
0.71	-6.96	35.66		0.72	-7.04	35.67	0.075
32.25	8.34	-25.83		32.29	8.35	-25.85	0.045
-22.12	2.35	-11.67		-22.14	2.39	-11.64	0.055
-36.90	-11.53	-43.39		-36.98	-11.52	-43.45	0.097
-8.23	25.01	24.28		-8.23	25.02	24.28	0.006
8.11	-10.62	-21.97		8.13	-10.64	-22.01	0.047
12.09	-6.51	60.01		12.00	-6.28	60.01	0.258
16.57	22.50	28.43		16.56	22.43	28.41	0.070
7.92	22.21	32.49		7.92	22.20	32.49	0.015
17.71	-12.95	-18.46		17.73	-12.88	-18.38	0.110
19.84	-8.42	-23.02		19.84	-8.44	-23.04	0.031
-1.48	-13.45	-0.08		-1.48	-13.49	-0.07	0.042
9.62	21.24	52.80		9.62	21.07	52.78	0.171
-14.48	17.45	33.26		-14.53	17.47	33.29	0.068
35.35	-4.60	-15.74		35.28	-4.56	-15.74	0.074
-4.68	12.27	61.36		-4.78	12.34	61.37	0.118
28.14	18.59	-22.87		28.16	18.61	-22.89	0.034
-26.79	-32.15	-26.29		-26.80	-32.18	-26.30	0.038
-12.27	2.46	12.11		-12.25	2.46	12.11	0.025
27.07	21.10	-21.42		27.14	21.17	-21.49	0.121
39.96	4.48	1.33		39.80	4.50	1.32	0.159
14.06	22.03	34.77		14.07	22.18	34.82	0.153
3.93	14.13	-5.79		3.97	14.07	-5.74	0.088
-3.60	2.27	63.12		-3.60	2.26	63.14	0.015
20.94	19.03	-28.48		20.95	19.04	-28.50	0.018
-9.60	2.40	21.62		-9.70	2.39	21.63	0.103
-18.28	-3.91	-47.47		-18.28	-3.91	-47.47	0.002
16.68	19.30	48.25		16.68	19.30	48.25	0.001
24.59	5.59	37.51		24.61	5.59	37.51	0.017
14.74	-17.48	-8.53		14.74	-17.51	-8.53	0.035
-40.26	-8.04	-34.65		-40.26	-8.04	-34.65	0.000
-13.36	18.06	34.81		-13.31	18.04	34.77	0.073
-19.70	-31.68	-17.60		-19.73	-31.63	-17.62	0.059
-6.07	14.17	9.27		-6.10	14.20	9.25	0.041
-24.95	-11.41	-48.57		-24.97	-11.42	-48.59	0.036
30.22	19.99	-18.11		30.17	19.96	-18.10	0.062
1.92	16.85	1.75		1.86	16.90	1.71	0.091
-24.76	-12.25	-48.51		-24.76	-12.25	-48.53	0.026
30.26	-10.73	-14.48		30.20	-10.66	-14.50	0.098
2.42	21.54	35.14		2.42	21.62	35.16	0.080
-3.76	-4.97	38.12		-3.76	-4.97	38.12	0.000
-14.37	-5.82	4.04		-14.33	-5.80	4.01	0.046
-21.29	-22.76	-8.25		-21.28	-22.80	-8.19	0.073
24.43	16.48	25.19		24.54	16.54	25.23	0.138
-21.87	-5.61	-5.01		-21.91	-5.58	-4.95	0.079
-8.02	-5.88	-44.34		-7.97	-5.84	-44.40	0.090
-16.54	6.24	-13.16		-16.54	6.24	-13.16	0.009
18.27	26.60	-4.43		18.27	26.62	-4.43	0.020
19.00	-6.21	19.53		19.03	-6.37	19.55	0.163
20.07	0.95	59.80		19.94	1.02	59.79	0.150
11.05	-11.53	-19.86		11.06	-11.56	-19.89	0.039
11.71	25.42	13.45		11.73	25.28	13.41	0.145
30.20	0.07	-27.50		30.21	0.06	-27.51	0.018
-6.81	9.25	-1.95		-6.76	9.18	-1.94	0.086
34.69	15.37	6.67		34.73	15.41	6.69	0.070
-30.28	9.93	-24.11		-30.30	9.98	-24.11	0.048
-30.15	9.82	-29.35		-30.14	9.80	-29.34	0.019
-30.63	5.59	-39.08		-30.63	5.59	-39.08	0.003
-18.92	-29.39	-38.17		-18.90	-29.47	-38.22	0.093
-38.87	-21.29	-33.89		-38.91	-21.31	-33.90	0.050
-16.72	1.54	-2.12		-16.76	1.58	-2.11	0.053
-4.53	-3.72	39.14		-4.56	-3.74	39.15	0.045
7.35	24.31	17.82		7.35	24.41	17.84	0.103
8.40	20.80	45.24		8.40	20.76	45.23	0.046
-18.30	4.74	-11.99		-18.30	4.75	-11.99	0.008
-31.13	5.78	-37.99		-31.17	5.86	-38.02	0.096
-2.82	-2.49	-30.10		-2.79	-2.47	-30.12	0.039
37.36	12.58	1.91		37.38	12.60	1.91	0.026
-3.61	11.76	-0.82		-3.53	11.64	-0.78	0.157
-39.89	1.85	-28.76		-39.90	1.86	-28.76	0.013
