150 PA5-C-Debug-Output.txt 6
  -29.4268   -20.4338   -20.3675   -38.8834   -94.3772    68.2627
   -2.32    -9.00    47.01           -2.32    -9.00    47.01     0.003
  -13.56    27.38    25.50          -13.60    27.40    25.50     0.046
  -11.14     1.33   -40.88          -11.14     1.31   -40.86     0.023
  -40.71   -17.87   -15.55          -40.70   -17.87   -15.56     0.016
   32.96    11.80    14.17           32.96    11.80    14.17     0.004
  -43.55    -8.83   -19.48          -43.55    -8.83   -19.48     0.001
  -36.25    -2.91   -37.34          -36.22    -2.93   -37.32     0.038
  -36.36   -18.61   -10.11          -36.35   -18.60   -10.12     0.008
   13.38   -16.18   -13.68           13.40   -16.10   -13.65     0.086
   36.87     5.20   -10.93           36.84     5.19   -10.91     0.038
   -8.36   -23.73   -11.75           -8.34   -23.74   -11.72     0.038
   -9.03    15.43    25.31           -9.00    15.45    25.30     0.036
    0.45    25.57     9.97            0.46    25.56     9.99     0.026
  -17.73     0.91   -44.33          -17.73     0.90   -44.32     0.015
   13.89    21.44    34.66           13.89    21.43    34.66     0.010
  -38.83    -0.65   -31.87          -38.82    -0.65   -31.87     0.005
  -10.53   -14.16     0.40          -10.61   -14.24     0.30     0.151
   -3.05    -4.15   -29.82           -3.05    -4.15   -29.82     0.003
   28.16    20.37    12.53           28.16    20.36    12.53     0.011
   38.68     3.40     9.26           38.68     3.40     9.26     0.002
  -30.87     6.19   -31.96          -30.86     6.17   -31.95     0.026
   19.90    18.63    38.67           19.87    18.60    38.67     0.035
  -37.05   -26.19   -21.50          -37.03   -26.17   -21.50     0.025
   -7.27    15.61    11.56           -7.25    15.60    11.58     0.029
   18.53    21.48    28.16           18.97    21.46    27.74     0.609
   36.14     0.86   -12.21           36.10     0.86   -12.19     0.047
   38.82    -0.64    -3.78           38.77    -0.62    -3.78     0.047
    3.75    23.76     2.56            3.76    23.75     2.57     0.022
    0.54    16.35    -2.08            0.55    16.33    -2.07     0.025
   -2.76    -6.57   -37.57           -2.75    -6.57   -37.58     0.014
    2.78   -10.06    52.05            2.67   -10.02    51.47     0.592
   -1.49     9.65   -16.92           -1.49     9.65   -16.92     0.008
    3.62    23.13    41.96            3.62    23.11    41.96     0.020
  -21.92   -12.63    -3.72          -21.92   -12.63    -3.71     0.011
    0.04     0.36   -23.85            0.03     0.36   -23.84     0.013
  -15.41   -30.18   -13.98          -15.40   -30.19   -13.97     0.007
   17.02     4.86   -27.69           17.01     4.86   -27.70     0.010
  -25.91   -23.12    -6.33          -25.91   -23.12    -6.32     0.014
  -26.06   -23.31    -6.41          -26.06   -23.31    -6.40     0.013
   -7.35    30.95    29.78           -7.35    31.00    29.80     0.050
  -22.41     4.92   -14.49          -22.41     4.92   -14.50     0.013
    4.75    20.74    48.93            4.75    20.71    48.92     0.036
    5.03    28.02    26.08            5.04    28.04    26.08     0.019
  -15.51     1.38   -43.08          -15.52     1.37   -43.07     0.016
   -5.58   -26.78   -16.62           -5.56   -26.79   -16.61     0.022
   32.66    -7.71    -1.37           32.63    -7.69    -1.37     0.037
   -2.98    -4.02   -29.48           -2.99    -4.02   -29.48     0.010
  -20.44    11.93   -26.48          -20.44    11.93   -26.48     0.003
    1.80    -9.91    45.23            1.80    -9.89    45.23     0.013
   31.95   -10.66   -13.20           31.94   -10.65   -13.20     0.005
   32.88    16.68   -12.88           32.87    16.66   -12.87     0.020
    6.27    23.01    -3.12            6.28    23.00    -3.11     0.022
  -29.46     5.34   -18.03          -29.45     5.34   -18.02     0.015
   19.26    -3.87    42.34           19.26    -3.87    42.34     0.012
   12.99    -2.14   -24.07           12.99    -2.14   -24.05     0.015
   28.87    21.34   -19.12           28.86    21.33   -19.12     0.021
   19.17    21.51    27.07           19.16    21.49    27.07     0.014
   -0.79   -13.64     8.04           -0.79   -13.62     8.04     0.021
   35.76    -3.87     2.24           35.72    -3.83     2.24     0.056
   18.43    -9.77     4.01           18.43    -9.70     4.00     0.073
  -29.21     0.08   -40.89          -29.20     0.07   -40.86     0.030
    2.01   -10.05    49.34            2.01   -10.06    49.34     0.012
    4.47    -9.78    49.28            4.47    -9.78    49.28     0.004
   -3.57    -4.11   -34.28           -3.54    -4.11   -34.28     0.036
  -14.58   -24.99    -8.36          -14.58   -24.99    -8.35     0.007
   15.97   -14.05    -4.97           15.93   -13.98    -5.00     0.082
   38.07     4.83    -8.39           38.05     4.82    -8.39     0.024
   -9.92    -5.26   -44.59           -9.92    -5.26   -44.59     0.001
    4.80    22.56    43.03            4.80    22.55    43.03     0.007
   -4.64    -6.94    37.00           -4.64    -6.94    37.00     0.006
   11.72     3.93    60.61           11.70     3.92    60.82     0.211
  -21.86   -11.00   -47.44          -21.87   -10.98   -47.40     0.047
   20.65    26.82    -9.40           20.65    26.81    -9.40     0.002
  -11.28   -21.36    -9.33          -11.28   -21.37    -9.31     0.022
   22.08     7.68    56.19           22.07     7.68    56.18     0.017
   -6.67   -24.05   -39.17           -6.67   -24.05   -39.17     0.003
   -5.89    19.54    11.08           -5.87    19.53    11.10     0.028
   17.53    18.61   -30.69           17.50    18.57   -30.61     0.087
   13.91    29.05    -1.29           13.91    29.04    -1.28     0.006
   -4.39    -3.85    60.82           -4.39    -3.84    61.00     0.179
   29.10    20.65   -20.54           29.09    20.64   -20.54     0.015
   -4.27    -2.93   -40.23           -4.26    -2.93   -40.24     0.016
   10.59    23.19   -18.91           10.55    23.21   -18.91     0.049
   34.35    12.47   -17.82           34.32    12.45   -17.81     0.033
   -4.75     5.69   -24.30           -4.75     5.69   -24.30     0.004
   -4.54   -18.41   -40.80           -4.53   -18.41   -40.81     0.012
    2.97    22.54    43.94            2.97    22.53    43.94     0.013
  -26.98   -23.10    -6.55          -26.98   -23.10    -6.55     0.000
   -9.47    17.27    28.59           -9.44    17.30    28.58     0.049
  -37.00    -9.54   -39.46          -36.99    -9.55   -39.45     0.017
   36.92    -3.59    -2.83           36.89    -3.55    -2.84     0.056
   18.18    27.36     9.41           18.19    27.38     9.42     0.017
   -6.30     0.71    41.69           -6.31     0.70    41.69     0.017
  -27.09    -8.73    -6.46          -27.09    -8.73    -6.46     0.003
  -42.52   -11.07   -16.54          -42.52   -11.07   -16.54     0.005
   17.12   -11.89   -20.15           17.13   -11.87   -20.12     0.039
   -0.13   -17.65   -33.96           -0.13   -17.65   -33.96     0.000
  -13.68   -33.09   -22.08          -13.67   -33.09   -22.08     0.007
  -17.04     9.39   -21.99          -17.04     9.40   -21.98     0.018
    4.40    29.14    22.35            4.41    29.16    22.35     0.021
  -38.89   -21.75   -16.59          -38.88   -21.74   -16.59     0.019
  -24.96    -9.56    -4.52          -24.96    -9.56    -4.52     0.003
    5.67    25.69     2.11            5.69    25.67     2.12     0.029
  -10.58     4.01   -37.89          -10.59     4.00   -37.88     0.014
    6.18    -8.92   -22.67            6.18    -8.91   -22.69     0.024
  -25.26    10.69   -23.62          -25.26    10.69   -23.62     0.001
    5.67    12.07   -12.37            5.67    12.06   -12.37     0.012
  -10.34    -0.72    19.35          -10.32    -0.72    19.35     0.014
   -4.30   -25.50   -18.61           -4.28   -25.51   -18.60     0.015
   29.98    -8.58     8.92           29.97    -8.57     8.91     0.022
    7.65    -4.80   -22.65            7.64    -4.80   -22.61     0.040
   -2.75    -9.50    59.15           -2.77    -9.54    59.15     0.045
  -13.15    25.32    20.42          -13.15    25.32    20.42     0.009
   -8.23    30.19    15.35           -8.25    30.20    15.32     0.036
   -5.61   -17.39    -7.57           -5.61   -17.32    -7.57     0.064
   -6.36   -15.22   -43.16           -6.36   -15.22   -43.16     0.008
   11.17    25.09   -13.17           11.16    25.11   -13.18     0.020
   -2.49    -7.54   -35.92           -2.45    -7.54   -35.93     0.042
   -3.54    10.08   -15.61           -3.54    10.07   -15.61     0.003
   11.61    -8.69   -22.16           11.62    -8.68   -22.12     0.042
   -5.67    -5.40    50.09           -5.67    -5.40    50.09     0.002
   23.84     8.77    44.37           23.80     8.77    44.37     0.034
   22.16     7.36    55.45           22.14     7.36    55.45     0.019
  -15.14   -12.19   -48.10          -15.13   -12.19   -48.07     0.031
  -12.96   -17.96   -46.24          -12.96   -17.95   -46.23     0.015
   37.33     3.12   -11.12           37.28     3.12   -11.09     0.058
  -21.41   -13.10   -47.40          -21.41   -13.04   -47.40     0.056
   -8.58    -9.28    17.05           -8.59    -9.28    17.05     0.003
   30.11    20.98     1.52           30.11    20.97     1.52     0.009
   -3.40   -22.45   -17.01           -3.38   -22.46   -16.99     0.033
   32.89    -6.97    -6.86           32.85    -6.92    -6.87     0.066
   22.28    11.35    49.72           22.25    11.34    49.72     0.034
   13.31    -7.50    53.61           13.32    -7.51    53.61     0.014
   -2.85     4.15   -23.70           -2.85     4.14   -23.69     0.021
  -21.40    11.00   -31.76          -21.40    11.00   -31.76     0.001
  -35.42   -13.20   -41.07          -35.40   -13.21   -41.05     0.031
  -31.58     4.91   -34.26          -31.57     4.88   -34.25     0.034
   -7.19   -24.57   -39.25           -7.19   -24.57   -39.25     0.005
   38.27     0.74     9.25           38.28     0.74     9.28     0.033
   13.14    25.66   -28.24           13.14    25.63   -28.22     0.034
  -36.97   -24.19   -32.83          -36.96   -24.18   -32.83     0.005
  -25.41   -32.99   -30.38          -25.41   -32.99   -30.37     0.005
   32.73     9.32    16.22           32.74     9.32    16.23     0.013
   17.54    18.30    46.03           17.50    18.25    46.02     0.059
  -29.32    -2.17   -42.38          -29.31    -2.18   -42.36     0.024
   14.45    18.76    53.37           14.41    18.71    53.35     0.066
   -9.94   -20.88   -44.56           -9.94   -20.88   -44.58     0.016
  -22.64   -23.23    -6.27          -22.64   -23.24    -6.25     0.022
  -20.63   -13.49    -4.07          -20.63   -13.49    -4.07     0.004
   13.17    -7.67    33.64           13.16    -7.65    33.64     0.022
