150 PA5-D-Debug-Output.txt 6
 -138.6646  -148.2372   -68.9061   -50.6811    58.9616   -37.9000
   14.29    -5.82    46.82           14.28    -5.80    46.82     0.019
  -14.97    13.00   -18.25          -14.97    12.99   -18.25     0.015
   26.17   -10.25   -19.69           26.16   -10.25   -19.69     0.007
   -8.75     5.61    45.34           -8.77     5.61    45.34     0.020
    0.44     0.99   -24.93            0.44     0.99   -24.93     0.001
   -7.51    -4.06    20.73           -7.53    -4.08    20.73     0.023
   38.34    18.60    -9.37           38.33    18.59    -9.37     0.011
  -12.94    18.12    37.27          -12.93    18.12    37.27     0.002
  -38.48     8.28   -22.26          -38.48     8.28   -22.26     0.003
   -6.69    15.06    10.02           -6.69    15.06    10.02     0.003
   -9.18    17.05    41.31           -9.18    17.06    41.31     0.007
  -41.48    -9.07   -32.39          -41.49    -9.07   -32.39     0.005
   -8.99    17.05    14.21           -9.00    17.06    14.20     0.008
   34.21    21.60   -20.48           34.22    21.60   -20.48     0.003
  -22.24    10.80   -13.77          -22.24    10.78   -13.78     0.020
  -41.36    -5.64    -6.31          -41.37    -5.64    -6.31     0.014
    9.73   -11.89    21.05            9.74   -11.91    21.06     0.018
   19.48    -7.11    19.24           19.48    -7.11    19.24     0.009
   -7.02    -4.37    37.94           -7.06    -4.37    37.94     0.034
   22.26    -6.00    17.48           22.26    -6.00    17.48     0.003
  -15.67     1.49     5.03          -15.67     1.48     5.02     0.002
   14.49   -17.94     3.27           14.49   -17.96     3.27     0.022
    0.27   -24.75   -22.20            0.26   -24.75   -22.20     0.005
   -1.71    -6.80   -32.41           -1.72    -6.80   -32.40     0.012
   19.48    21.90    29.40           19.47    21.88    29.39     0.023
   32.00    -4.71   -22.55           31.99    -4.71   -22.54     0.006
   10.22    27.43    -2.59           10.22    27.43    -2.59     0.006
   14.08    24.35   -11.36           14.09    24.36   -11.36     0.010
  -34.26   -28.73   -30.47          -34.26   -28.73   -30.47     0.004
  -37.27     6.69   -12.08          -37.27     6.69   -12.08     0.003
   22.23   -18.28   -12.24           22.23   -18.28   -12.23     0.014
  -38.13   -18.15    -6.87          -38.13   -18.15    -6.87     0.001
  -34.02    10.27   -30.55          -34.02    10.26   -30.55     0.007
   -6.35    22.89    24.28           -6.35    22.90    24.28     0.012
    6.89   -15.82   -19.94            6.87   -15.81   -19.93     0.017
   -6.70    14.32    50.81           -6.71    14.32    50.81     0.004
   32.99    16.41   -27.20           32.98    16.41   -27.19     0.012
   33.01    -0.46   -24.74           33.01    -0.46   -24.74     0.000
    3.95    -1.30   -24.29            3.95    -1.30   -24.29     0.001
    8.63   -18.19   -13.12            8.63   -18.18   -13.11     0.011
  -28.27   -15.77    -3.10          -28.27   -15.76    -3.12     0.012
   20.36     0.76    37.72           20.33     0.76    37.71     0.025
   -0.56    18.06    50.12           -0.56    18.05    50.12     0.014
   34.29    16.81    12.61           34.29    16.81    12.61     0.003
   -1.54    19.79    41.92           -1.54    19.79    41.92     0.005
   -6.27   -19.33    -3.42           -6.27   -19.33    -3.42     0.000
   15.07    31.14     6.53           15.07    31.13     6.53     0.010
   26.36    -8.26   -22.78           26.35    -8.26   -22.78     0.008
   36.00    -4.32   -18.04           36.00    -4.31   -18.04     0.011
   27.90    20.78    17.71           27.90    20.78    17.71     0.009
   -7.03   -11.86   -40.70           -7.03   -11.86   -40.71     0.006
  -22.69   -28.48    -8.09          -22.69   -28.48    -8.09     0.000
  -22.72   -11.25    -1.93          -22.72   -11.25    -1.94     0.006
   -4.88    -4.55   -37.12           -4.89    -4.55   -37.12     0.008
   -3.03    10.46    53.83           -3.03    10.46    53.81     0.015
   -4.21   -25.02   -11.08           -4.21   -25.01   -11.08     0.006
  -16.93     7.94   -39.13          -16.93     7.94   -39.13     0.006
   18.52    20.62    36.88           18.51    20.62    36.88     0.004
    4.11    -4.13    53.69            4.11    -4.13    53.67     0.019
   14.95   -17.97     3.28           14.95   -17.98     3.29     0.015
   21.45     7.11    38.74           21.42     7.11    38.74     0.030
  -10.05     6.06    33.50          -10.05     6.06    33.50     0.001
  -14.04    14.41    38.30          -14.03    14.41    38.29     0.016
  -36.58   -27.81   -15.99          -36.58   -27.81   -15.99     0.004
  -13.81     9.48   -37.40          -13.82     9.47   -37.39     0.012
    3.01   -11.38    33.77            3.02   -11.40    33.77     0.023
   17.33    -3.92    38.77           17.31    -3.91    38.77     0.018
   -8.25     2.96    34.40           -8.26     2.96    34.40     0.009
   32.79    23.85    -0.62           32.79    23.85    -0.62     0.002
  -18.66   -11.03   -48.39          -18.66   -11.04   -48.38     0.002
   30.55    -9.80    -1.60           30.55    -9.81    -1.59     0.006
  -21.44   -25.10   -41.84          -21.44   -25.10   -41.84     0.000
    6.54   -15.70   -20.55            6.52   -15.68   -20.54     0.027
   21.90    14.71   -31.33           21.90    14.71   -31.33     0.005
  -11.87    -5.52    10.43          -11.69    -5.48    10.73     0.354
   27.05     9.55   -32.00           27.05     9.55   -32.01     0.005
  -31.38     8.68   -36.31          -31.38     8.68   -36.30     0.005
  -32.12    11.68   -17.15          -32.12    11.67   -17.15     0.004
   24.74   -17.46     0.39           24.73   -17.46     0.38     0.010
   41.32     9.06   -12.76           41.32     9.06   -12.76     0.006
  -11.99     4.77   -40.00          -11.99     4.77   -40.00     0.005
   11.60    30.51    -0.10           11.60    30.51    -0.10     0.001
   41.11     2.11   -12.18           41.11     2.11   -12.18     0.002
   -4.91    -9.38    18.32           -4.93    -9.42    18.32     0.044
   17.22   -20.26    -2.37           17.22   -20.27    -2.36     0.016
   13.13   -18.95    -0.08           13.12   -18.97    -0.07     0.025
   34.74    -4.85    -8.30           34.74    -4.86    -8.30     0.012
   -9.44   -24.72    -8.44           -9.44   -24.72    -8.44     0.003
  -33.62     8.16   -35.69          -33.62     8.16   -35.69     0.001
   20.08    18.54    35.10           20.07    18.54    35.10     0.011
  -34.14   -30.01   -16.84          -34.15   -30.01   -16.83     0.009
   17.77    24.55   -34.54           17.77    24.55   -34.54     0.011
   -7.85    11.09     2.13           -7.85    11.09     2.13     0.002
   20.93   -12.95   -15.38           20.93   -12.94   -15.38     0.005
  -20.22   -17.51    -2.76          -20.23   -17.51    -2.77     0.013
  -21.43    16.21   -23.73          -21.42    16.20   -23.73     0.015
    8.16    27.72    14.35            8.16    27.73    14.36     0.007
   32.80    -7.09    -7.33           32.79    -7.08    -7.33     0.012
  -26.85     2.41   -43.80          -26.85     2.41   -43.79     0.004
   13.96    22.78    39.93           13.95    22.75    39.93     0.029
  -17.67    15.81    27.24          -17.65    15.81    27.24     0.024
    4.69   -11.29    29.25            4.69   -11.31    29.24     0.024
  -23.53   -19.62   -46.29          -23.53   -19.62   -46.29     0.003
  -41.48   -11.33   -22.47          -41.49   -11.33   -22.47     0.013
   11.97    20.94    52.71           11.97    20.94    52.70     0.009
   12.75    -0.31    51.37           12.75    -0.31    51.34     0.026
   27.61   -14.01    -0.32           27.61   -14.01    -0.30     0.025
   -8.73     9.60    47.59           -8.73     9.60    47.59     0.008
   -5.06    22.60    33.08           -5.06    22.63    33.08     0.023
  -16.62    17.30    18.96          -16.62    17.30    18.96     0.010
   -7.96    18.49    14.17           -7.96    18.49    14.17     0.001
  -15.19    15.01   -22.68          -15.19    15.00   -22.68     0.009
  -14.36    18.64    18.49          -14.36    18.64    18.48     0.009
  -41.73   -14.19   -10.51          -41.74   -14.19   -10.51     0.011
  -21.94    13.30   -32.63          -21.94    13.29   -32.63     0.011
   23.43   -17.80     1.32           23.43   -17.80     1.31     0.010
   12.42     8.61    53.00           12.42     8.62    52.99     0.009
   20.93    -4.02    25.80           20.93    -4.03    25.80     0.007
  -29.02   -14.10   -47.04          -29.02   -14.10   -47.04     0.003
   21.05     8.77    40.92           21.03     8.77    40.91     0.024
   10.31    22.47    33.66           10.31    22.47    33.66     0.001
   15.27    26.04   -17.88           15.28    26.04   -17.88     0.014
  -35.38    10.66   -24.90          -35.38    10.65   -24.90     0.009
  -36.40     9.02   -15.90          -36.40     9.02   -15.90     0.001
    1.22   -23.08   -24.61            1.22   -23.07   -24.61     0.010
   -9.61     5.73    34.45           -9.60     5.74    34.45     0.008
   -8.24     2.42   -36.20           -8.24     2.42   -36.20     0.000
   -0.74   -20.52   -31.55           -0.74   -20.51   -31.55     0.014
    9.87   -10.95    24.60            9.87   -10.96    24.60     0.005
   -8.05    22.75    25.66           -8.05    22.76    25.66     0.011
  -24.33   -31.15   -33.80          -24.33   -31.15   -33.80     0.008
   38.79    14.56   -17.27           38.80    14.56   -17.27     0.002
   36.43    21.04   -10.28           36.43    21.04   -10.28     0.003
  -18.45    -4.22   -48.04          -18.45    -4.22   -48.04     0.002
  -29.10   -10.18   -47.40          -29.10   -10.18   -47.40     0.002
  -18.44   -27.86    -6.83          -18.44   -27.86    -6.83     0.003
   32.05    20.37    13.28           32.05    20.37    13.29     0.004
   31.07     8.89   -31.33           31.07     8.89   -31.33     0.005
  -27.35     3.57    -8.39          -27.35     3.56    -8.41     0.018
   34.89     1.24    13.62           34.89     1.24    13.62     0.006
  -11.01   -10.15   -45.78          -11.01   -10.15   -45.78     0.001
  -16.38    12.05   -35.54          -16.25    12.21   -35.63     0.219
   -5.98    19.76    13.95           -5.98    19.76    13.95     0.007
  -16.74    18.64    23.04          -16.72    18.63    23.04     0.019
  -12.33    16.63    16.12          -12.33    16.63    16.12     0.002
    0.09   -17.62   -31.61            0.09   -17.62   -31.61     0.009
    3.18    19.63    45.40            3.19    19.61    45.40     0.021
  -27.18     2.42    -8.04          -27.18     2.42    -8.06     0.013
   12.14    -7.80    44.78           12.14    -7.79    44.78     0.008
   12.51    24.10    26.96           12.51    24.08    26.95     0.017
