200 PA4-J-Unknown-myOutput.txt
18.41	-10.10	6.25		18.40	-10.07	6.23	0.039
-1.02	1.30	-25.21		-1.05	1.29	-25.19	0.033
27.98	22.22	-11.50		28.03	22.30	-11.50	0.089
-6.62	2.34	48.02		-6.57	2.34	48.02	0.055
34.07	1.34	13.09		34.14	1.34	13.14	0.090
1.08	10.32	-9.39		1.04	10.41	-9.43	0.102
14.27	-16.32	-12.05		14.28	-16.29	-12.04	0.038
34.82	15.23	-13.00		34.79	15.21	-12.99	0.035
-39.96	-13.40	-36.56		-39.92	-13.40	-36.56	0.041
21.15	4.63	-28.42		21.13	4.62	-28.45	0.033
25.45	14.12	26.25		25.46	14.13	26.25	0.011
19.97	22.56	-26.50		19.98	22.58	-26.52	0.035
31.58	12.92	13.67		31.57	12.92	13.66	0.014
9.60	-14.70	-16.34		9.60	-14.71	-16.35	0.018
35.59	7.87	-18.81		35.61	7.87	-18.82	0.019
38.32	5.61	8.08		38.33	5.61	8.09	0.020
-12.28	10.11	-21.32		-12.29	10.07	-21.32	0.036
2.50	-13.19	0.11		2.49	-13.26	0.12	0.071
15.13	-4.33	60.73		15.18	-4.41	60.73	0.099
-43.07	-13.36	-21.60		-43.06	-13.36	-21.60	0.010
-24.66	-32.06	-21.62		-24.67	-32.13	-21.60	0.071
19.25	24.80	10.88		19.21	24.69	10.86	0.120
-39.92	-11.23	-34.75		-39.95	-11.24	-34.74	0.031
-7.11	13.45	9.65		-7.09	13.43	9.67	0.034
12.21	-6.45	30.16		12.21	-6.41	30.16	0.041
-22.21	12.07	-25.34		-22.21	12.13	-25.33	0.062
-8.84	-29.08	-25.47		-8.85	-29.07	-25.47	0.019
8.83	19.93	59.93		8.83	19.90	59.90	0.047
3.37	-15.76	-22.10		3.49	-15.83	-22.15	0.145
-5.99	-18.31	-8.29		-6.00	-18.28	-8.31	0.039
39.46	3.51	3.92		39.55	3.50	3.92	0.093
11.56	14.74	63.06		11.56	14.74	63.11	0.053
-34.44	-0.04	-41.54		-34.46	-0.02	-41.56	0.028
0.39	4.02	-22.31		0.39	4.01	-22.31	0.005
-6.46	-1.27	36.15		-6.30	-1.24	36.13	0.165
2.47	-4.27	63.44		2.47	-4.27	63.45	0.003
10.97	-12.72	-18.56		11.00	-12.79	-18.62	0.098
12.51	17.12	-28.67		12.49	17.12	-28.67	0.025
22.60	13.98	40.24		22.53	13.95	40.23	0.070
-43.00	-10.48	-27.94		-43.10	-10.53	-28.00	0.128
-22.60	-1.78	-47.30		-22.59	-1.75	-47.39	0.089
-6.04	24.61	28.14		-6.01	24.74	28.17	0.137
29.14	-6.29	10.93		29.11	-6.21	10.90	0.086
-33.17	5.10	-37.52		-33.11	5.04	-37.45	0.117
25.28	11.78	30.18		25.39	11.82	30.21	0.123
-4.13	20.98	38.28		-4.10	20.77	38.19	0.238
25.53	14.75	25.06		25.54	14.75	25.06	0.012
-32.37	0.47	-42.38		-32.36	0.45	-42.35	0.040
-30.95	7.45	-16.88		-30.91	7.40	-16.90	0.064
12.37	-0.43	-21.39		12.37	-0.39	-21.47	0.085
15.27	-12.95	3.30		15.25	-12.90	3.28	0.054
-21.10	-14.71	-5.63		-21.10	-14.71	-5.63	0.002
13.09	-14.97	1.05		13.08	-14.94	1.03	0.035
4.00	0.18	-22.66		3.99	0.17	-22.64	0.024
-25.09	11.81	-25.49		-25.09	11.80	-25.49	0.007
-11.80	5.85	5.52		-11.88	5.90	5.53	0.102
-8.06	19.32	14.35		-8.04	19.30	14.39	0.046
5.53	-15.74	-6.31		5.53	-15.75	-6.31	0.006
0.73	-7.58	31.72		0.72	-7.56	31.71	0.023
-16.32	17.40	23.86		-16.31	17.39	23.87	0.013
-32.41	-2.84	-44.25		-32.39	-2.85	-44.22	0.039
-8.80	-27.13	-35.30		-8.81	-27.13	-35.30	0.008
14.99	23.23	23.51		14.99	23.22	23.50	0.010
12.60	-10.55	8.50		12.65	-10.77	8.58	0.235
27.80	5.84	26.15		27.65	5.85	26.10	0.164
-15.87	-5.95	1.96		-15.84	-5.94	1.94	0.031
23.76	14.04	34.03		23.65	13.98	34.00	0.129
-15.86	-13.87	-48.47		-15.86	-13.87	-48.47	0.004
2.85	-7.37	30.31		2.87	-7.54	30.31	0.177
-2.33	-9.89	17.23		-2.35	-9.95	17.24	0.069
-12.15	-23.59	-42.71		-12.15	-23.60	-42.71	0.004
25.26	24.02	-10.42		25.22	23.91	-10.42	0.119
36.96	9.14	8.69		36.89	9.11	8.62	0.103
11.13	-3.77	63.35		11.13	-3.77	63.33	0.025
3.75	-7.18	52.87		3.76	-7.13	52.88	0.059
-42.41	-13.25	-18.82		-42.34	-13.23	-18.84	0.075
21.56	18.07	-28.99		21.51	18.01	-28.90	0.121
-43.46	-8.62	-21.38		-43.45	-8.62	-21.38	0.008
0.93	1.37	63.43		0.93	1.37	63.46	0.028
-6.33	10.44	60.15		-6.17	10.36	60.15	0.178
34.74	-4.91	-17.26		34.72	-4.90	-17.25	0.029
-7.24	7.40	40.53		-7.22	7.40	40.53	0.021
12.33	8.61	63.02		12.33	8.61	63.04	0.016
4.23	-7.94	25.37		4.26	-8.07	25.39	0.129
22.52	14.97	35.99		22.59	15.00	36.01	0.075
-5.06	-2.23	51.07		-5.02	-2.21	51.06	0.055
27.03	5.11	27.64		27.08	5.11	27.65	0.053
-17.06	-21.18	-45.79		-17.06	-21.19	-45.80	0.011
-33.82	-9.89	-7.66		-33.82	-9.89	-7.67	0.010
-23.72	10.24	-35.17		-23.72	10.27	-35.17	0.027
26.05	7.03	-30.24		26.05	7.03	-30.23	0.005
-13.54	9.12	-34.72		-13.55	9.10	-34.72	0.014
-28.49	-31.58	-28.11		-28.43	-31.44	-28.10	0.156
-31.34	-28.47	-34.67		-31.36	-28.52	-34.69	0.061
-0.02	19.86	42.67		-0.06	19.97	42.68	0.121
15.36	27.08	-3.76		15.37	26.95	-3.74	0.130
4.62	-5.37	-24.25		4.60	-5.38	-24.22	0.039
-9.43	-20.52	-43.37		-9.41	-20.55	-43.44	0.079
-1.41	18.16	7.75		-1.42	18.17	7.74	0.011
0.12	-12.60	-32.17		0.14	-12.59	-32.17	0.018
17.25	10.68	-28.07		17.25	10.67	-28.07	0.004
-6.59	8.78	59.87		-6.66	8.80	59.87	0.066
-0.79	-8.74	-31.15		-0.92	-8.77	-31.08	0.149
-25.81	11.66	-24.48		-25.80	11.60	-24.49	0.063
-34.68	-26.84	-19.54		-34.65	-26.79	-19.56	0.065
-35.47	-26.04	-18.83		-35.42	-25.98	-18.86	0.086
-35.35	1.40	-13.68		-35.34	1.39	-13.69	0.015
-39.86	-6.47	-14.15		-39.91	-6.46	-14.11	0.063
-8.22	-25.46	-37.33		-8.21	-25.46	-37.34	0.004
11.19	-6.40	49.32		11.18	-6.34	49.32	0.064
-22.32	-5.06	-5.45		-22.30	-5.08	-5.48	0.043
14.14	14.18	63.01		14.13	14.18	63.11	0.094
28.10	-7.67	7.06		28.11	-7.72	7.08	0.059
28.13	8.30	-30.03		28.12	8.31	-30.02	0.012
0.56	-3.37	63.43		0.56	-3.37	63.41	0.025
31.32	-3.40	-25.23		31.38	-3.42	-25.28	0.085
4.23	-7.65	-24.91		4.23	-7.65	-24.92	0.006
-11.75	6.02	-38.70		-11.76	6.01	-38.69	0.011
5.20	-13.10	-22.41		5.22	-13.11	-22.44	0.039
-29.37	9.01	-18.88		-29.36	8.97	-18.91	0.056
23.28	24.42	-19.79		23.26	24.32	-19.78	0.095
-3.28	-3.85	-33.29		-3.28	-3.85	-33.29	0.001
-35.11	-13.16	-45.10		-35.17	-13.19	-45.18	0.101
-18.60	-6.90	-2.34		-18.61	-6.91	-2.32	0.023
37.19	12.46	6.76		37.20	12.47	6.76	0.012
17.30	-16.06	-14.49		17.31	-16.03	-14.47	0.038
8.81	26.08	5.81		8.82	26.06	5.81	0.019
-0.28	-6.17	50.72		-0.26	-6.12	50.72	0.052
-5.04	-2.03	62.43		-5.03	-2.02	62.42	0.014
1.87	21.82	34.53		1.86	21.79	34.52	0.034
-6.00	-0.31	49.20		-5.86	-0.26	49.19	0.157
-2.39	24.08	28.24		-2.39	24.08	28.24	0.005
-33.45	-28.29	-32.49		-33.39	-28.21	-32.46	0.112
33.69	-7.12	-15.30		33.64	-7.08	-15.28	0.067
-28.73	-22.83	-9.17		-28.75	-22.88	-9.08	0.112
-36.76	4.55	-21.06		-36.73	4.52	-21.08	0.047
22.85	-6.39	-25.09		22.83	-6.40	-25.12	0.033
22.02	-5.56	20.34		22.01	-5.53	20.33	0.029
-19.24	11.43	-33.42		-19.25	11.36	-33.40	0.076
-35.23	-27.16	-30.24		-35.20	-27.13	-30.24	0.039
14.97	24.84	14.69		14.96	24.78	14.68	0.059
31.73	1.42	-25.93		31.74	1.41	-25.94	0.021
6.76	-7.26	54.15		6.76	-7.24	54.15	0.026
-28.28	-20.46	-45.57		-28.33	-20.53	-45.71	0.171
-13.11	17.45	17.54		-13.11	17.45	17.54	0.000
12.27	15.37	63.13		12.27	15.37	63.09	0.039
31.50	15.27	-21.88		31.43	15.24	-21.83	0.087
11.92	17.06	-25.44		11.89	17.05	-25.45	0.040
-25.64	5.70	-40.98		-25.65	5.74	-41.02	0.051
7.52	-7.39	60.72		7.52	-7.35	60.72	0.036
-5.40	-1.07	47.13		-5.55	-1.19	47.18	0.196
22.86	1.25	-27.84		22.89	1.27	-27.80	0.049
23.09	3.92	44.71		23.01	3.93	44.69	0.076
24.70	-4.21	19.80		24.75	-4.30	19.83	0.107
22.12	5.12	51.84		22.18	5.11	51.85	0.064
5.33	-16.79	-12.76		5.36	-16.84	-12.76	0.063
31.27	-9.06	-13.96		31.35	-9.17	-13.95	0.138
34.00	16.45	-8.35		34.09	16.53	-8.34	0.116
24.08	6.28	41.94		23.91	6.27	41.91	0.174
15.70	25.66	-10.78		15.73	25.58	-10.77	0.085
-6.13	-0.22	44.37		-5.94	-0.15	44.37	0.206
-13.03	-7.22	4.68		-13.01	-7.19	4.66	0.042
-16.24	17.03	22.65		-16.29	17.05	22.65	0.060
-13.42	-13.76	-47.70		-13.44	-13.75	-47.66	0.047
25.66	-12.33	-3.90		25.65	-12.30	-3.93	0.040
-16.99	2.41	-6.05		-16.99	2.40	-6.05	0.014
15.60	4.16	63.05		15.60	4.16	63.05	0.001
-0.71	-16.47	-34.85		-0.64	-16.50	-34.87	0.073
3.45	-17.52	-17.79		3.48	-17.57	-17.80	0.063
-13.11	3.22	8.43		-13.12	3.22	8.43	0.011
-0.72	21.59	35.93		-0.71	21.65	35.95	0.068
29.35	-6.20	-24.93		29.35	-6.13	-24.87	0.090
-2.72	-4.63	47.54		-2.88	-4.83	47.55	0.249
13.08	-6.12	30.07		13.10	-6.32	30.08	0.203
-1.93	23.01	31.54		-1.90	23.20	31.58	0.199
-12.62	10.60	-23.89		-12.58	10.69	-23.87	0.097
-3.63	-17.60	-8.12		-3.61	-17.74	-8.06	0.144
-2.11	9.31	-10.28		-2.14	9.41	-10.30	0.105
-34.46	-8.12	-45.07		-34.47	-8.12	-45.08	0.012
-3.87	-23.98	-19.64		-3.92	-23.93	-19.66	0.071
-39.95	-19.87	-18.19		-39.97	-19.89	-18.18	0.029
18.24	-5.40	29.65		18.24	-5.42	29.66	0.022
12.00	-16.03	-11.95		12.00	-16.01	-11.94	0.025
-32.99	-15.32	-45.46		-32.99	-15.33	-45.48	0.024
16.16	-17.03	-11.86		16.20	-16.86	-11.82	0.177
34.18	-3.89	-20.24		34.13	-3.88	-20.23	0.042
-5.62	0.75	62.42		-5.71	0.75	62.41	0.098
-8.77	-25.68	-37.79		-8.81	-25.62	-37.76	0.076
-40.62	0.68	-28.10		-40.71	0.74	-28.11	0.103
-3.16	0.78	-28.27		-3.20	0.75	-28.23	0.069
27.13	1.76	-30.16		27.16	1.80	-30.07	0.098
-12.39	-27.56	-38.43		-12.40	-27.55	-38.42	0.019
12.47	19.10	-29.55		12.41	19.11	-29.60	0.076
22.49	7.30	52.04		22.33	7.29	52.02	0.160
-16.03	-12.43	-2.94		-16.00	-12.39	-2.99	0.071
-11.72	-27.00	-38.73		-11.74	-26.97	-38.71	0.048
-16.47	4.78	-11.08		-16.52	4.93	-11.01	0.170
21.19	24.92	7.06		21.21	24.96	7.07	0.047
19.26	-3.87	39.13		19.09	-3.65	39.07	0.288
-10.58	8.06	-16.21		-10.59	8.11	-16.21	0.052
