200 PA4-K-Unknown-myOutput.txt
12.00	-15.17	-14.05		12.00	-15.12	-14.02	0.056
22.30	8.06	51.50		22.39	8.07	51.51	0.091
20.76	14.89	-30.78		20.74	14.88	-30.75	0.039
-1.92	-9.73	-37.48		-1.85	-9.73	-37.49	0.074
28.48	22.01	-11.56		28.47	22.01	-11.56	0.006
-7.76	0.65	28.51		-7.76	0.65	28.51	0.005
10.23	20.81	56.24		10.23	20.72	56.24	0.094
2.67	13.30	-5.38		2.65	13.32	-5.40	0.032
6.01	21.75	33.19		6.00	21.92	33.22	0.172
-4.15	-4.58	36.12		-4.27	-4.70	36.13	0.171
26.68	-3.01	20.25		26.64	-2.98	20.23	0.047
-23.21	-14.47	-6.07		-23.21	-14.47	-6.06	0.006
-11.14	-24.92	-12.56		-11.16	-24.88	-12.59	0.054
17.41	6.45	-24.25		17.50	6.50	-24.19	0.124
-20.74	9.86	-36.65		-20.75	9.72	-36.54	0.182
-6.75	7.85	46.67		-6.80	7.85	46.67	0.047
33.40	-5.68	2.48		33.52	-5.83	2.48	0.197
0.14	4.50	-22.04		0.12	4.48	-22.02	0.024
36.16	4.17	10.80		36.20	4.17	10.84	0.056
22.18	4.32	50.73		22.21	4.31	50.74	0.035
-21.33	-27.30	-40.96		-21.34	-27.34	-41.00	0.061
-30.57	-30.40	-27.17		-30.65	-30.55	-27.18	0.172
16.95	25.11	-18.41		16.93	25.14	-18.41	0.033
-3.52	-20.57	-36.23		-3.38	-20.67	-36.31	0.185
21.02	18.77	32.95		21.04	18.78	32.95	0.024
-25.12	11.02	-21.58		-25.18	11.20	-21.57	0.185
-26.36	1.23	-44.85		-26.36	1.24	-44.86	0.010
24.68	24.27	-7.43		24.68	24.27	-7.43	0.005
-31.21	-23.78	-11.37		-31.21	-23.79	-11.36	0.018
-32.04	-29.78	-27.38		-32.02	-29.76	-27.38	0.028
-4.60	-16.45	-40.74		-4.59	-16.45	-40.74	0.003
-17.40	-32.50	-26.93		-17.41	-32.40	-26.94	0.099
-11.89	-20.77	-9.55		-11.89	-20.82	-9.49	0.082
-28.01	-20.23	-7.18		-28.01	-20.23	-7.18	0.005
17.33	-1.06	-22.49		17.34	-1.06	-22.48	0.021
-17.62	-8.06	-48.31		-17.60	-8.04	-48.39	0.092
19.60	14.29	59.64		19.54	14.25	59.63	0.069
30.44	-8.66	-6.85		30.50	-8.73	-6.87	0.091
20.43	-2.18	41.58		20.50	-2.26	41.59	0.105
28.63	-1.22	-27.79		28.70	-1.30	-27.88	0.137
25.12	-5.60	13.47		25.18	-5.79	13.51	0.205
11.73	21.75	42.45		11.72	21.78	42.45	0.030
16.08	2.00	-21.67		16.07	2.00	-21.71	0.041
-22.45	-28.25	-13.16		-22.45	-28.27	-13.14	0.030
-31.90	-29.78	-27.20		-31.93	-29.83	-27.20	0.059
35.66	0.44	-19.48		35.53	0.43	-19.44	0.129
-29.91	-30.21	-21.04		-29.93	-30.26	-21.04	0.053
-42.02	-13.80	-18.11		-41.99	-13.79	-18.12	0.029
-8.71	-0.36	23.59		-8.70	-0.36	23.58	0.004
14.85	11.83	-17.74		14.89	11.84	-17.73	0.046
-7.25	23.29	33.75		-7.25	23.31	33.75	0.019
-34.21	-24.71	-15.37		-34.23	-24.73	-15.35	0.034
-26.23	9.30	-18.05		-26.26	9.39	-18.00	0.103
-24.55	5.07	-42.12		-24.54	5.03	-42.08	0.060
2.14	-7.70	28.59		2.15	-7.75	28.60	0.058
-7.70	25.16	25.66		-7.70	25.08	25.66	0.074
31.74	-7.83	-2.38		31.74	-7.84	-2.38	0.002
-0.78	19.69	42.35		-0.81	19.78	42.37	0.092
-0.87	-10.22	-34.60		-1.00	-10.24	-34.57	0.131
14.50	19.40	57.19		14.53	19.45	57.20	0.059
35.16	4.45	12.05		35.13	4.45	12.03	0.041
-26.49	9.02	-35.88		-26.47	8.96	-35.85	0.067
-2.18	-2.16	63.43		-2.18	-2.16	63.43	0.005
15.02	-5.06	51.71		15.03	-5.07	51.71	0.011
25.40	5.03	34.19		25.33	5.03	34.17	0.070
-5.21	-2.27	57.28		-5.06	-2.16	57.28	0.179
8.85	20.66	57.24		8.86	20.62	57.24	0.037
23.23	-4.24	23.18		23.22	-4.21	23.17	0.033
-42.94	-7.35	-19.49		-42.94	-7.35	-19.49	0.007
24.53	6.30	38.28		24.52	6.30	38.28	0.015
18.91	-8.60	9.23		18.93	-8.68	9.25	0.089
-35.30	3.63	-15.76		-35.28	3.61	-15.79	0.041
-13.83	12.01	20.57		-13.89	11.96	20.53	0.085
-22.46	-3.49	-47.44		-22.47	-3.48	-47.35	0.096
7.06	13.80	-8.89		7.08	13.78	-8.85	0.052
-5.40	0.96	-32.23		-5.41	0.96	-32.23	0.014
0.35	9.56	-12.32		0.36	9.49	-12.30	0.082
-8.72	-3.07	20.30		-8.84	-3.13	20.32	0.137
-9.02	-27.86	-34.34		-9.06	-27.80	-34.31	0.080
-8.91	7.63	-9.35		-8.91	7.63	-9.35	0.004
10.50	21.51	36.76		10.47	21.73	36.78	0.228
26.44	-5.15	14.71		26.44	-5.15	14.71	0.008
17.97	-15.24	-15.79		17.93	-15.38	-15.89	0.180
-6.09	23.81	32.57		-6.08	23.87	32.60	0.062
10.64	23.09	27.63		10.64	23.06	27.62	0.028
16.39	9.73	-23.09		16.40	9.73	-23.08	0.009
22.43	-12.94	-20.25		22.49	-13.10	-20.34	0.189
15.43	2.35	-21.37		15.40	2.35	-21.43	0.071
-12.97	18.52	34.91		-12.99	18.53	34.93	0.032
-39.82	0.52	-32.71		-39.80	0.50	-32.70	0.027
20.88	-16.02	-6.10		20.89	-16.04	-6.10	0.026
25.51	-5.13	15.73		25.54	-5.22	15.76	0.101
13.24	-5.96	55.83		13.20	-5.90	55.82	0.075
26.01	7.24	-30.25		26.01	7.24	-30.26	0.016
12.06	-16.26	-2.44		12.08	-16.18	-2.46	0.083
-27.23	-18.02	-7.13		-27.22	-18.03	-7.18	0.059
-6.56	0.05	36.74		-6.49	0.07	36.73	0.076
38.44	6.88	7.60		38.43	6.88	7.59	0.009
-7.10	-20.43	-10.15		-7.10	-20.44	-10.14	0.005
-11.51	8.85	15.04		-11.45	8.86	15.05	0.064
14.65	19.46	-30.74		14.67	19.42	-30.70	0.055
-33.38	-5.78	-9.24		-33.36	-5.80	-9.29	0.053
30.87	-8.58	-5.82		30.91	-8.62	-5.83	0.052
-7.29	19.24	13.71		-7.22	19.17	13.83	0.160
-4.20	18.87	11.83		-4.22	18.89	11.81	0.030
-39.30	2.14	-21.62		-39.28	2.12	-21.63	0.033
-6.78	3.38	36.40		-6.91	3.37	36.41	0.129
-4.88	-15.73	-4.14		-4.87	-15.75	-4.13	0.021
32.13	3.11	-25.66		32.09	3.12	-25.64	0.046
12.15	22.42	31.17		12.15	22.49	31.17	0.075
-37.46	-20.27	-38.33		-37.41	-20.24	-38.30	0.067
-42.99	-3.85	-28.97		-43.09	-3.82	-29.01	0.111
8.48	25.74	8.32		8.51	25.68	8.31	0.068
38.01	-0.93	-11.66		37.98	-0.91	-11.64	0.037
-2.71	-7.84	-39.32		-2.72	-7.84	-39.31	0.008
-31.44	-30.05	-24.73		-31.44	-30.06	-24.72	0.011
-19.94	-10.44	-3.33		-19.92	-10.43	-3.38	0.055
19.24	22.54	19.70		19.28	22.63	19.73	0.105
-6.60	10.49	44.03		-6.79	10.52	44.06	0.197
-6.58	2.40	-36.22		-6.52	2.45	-36.26	0.090
-30.27	6.20	-38.17		-30.29	6.23	-38.19	0.040
-5.89	11.24	52.39		-5.81	11.21	52.39	0.087
38.11	2.42	8.70		38.08	2.42	8.67	0.039
-9.77	-25.85	-38.39		-9.75	-25.88	-38.41	0.038
13.63	20.27	57.55		13.56	20.19	57.54	0.110
-10.94	2.91	18.00		-10.91	2.92	17.99	0.032
-25.33	-12.30	-48.31		-25.35	-12.30	-48.45	0.137
1.31	21.84	34.67		1.31	21.79	34.66	0.049
21.55	23.04	15.03		21.53	22.99	15.02	0.055
-24.71	-1.36	-10.09		-24.71	-1.37	-10.10	0.009
-39.98	-22.06	-27.78		-40.04	-22.10	-27.79	0.074
31.76	0.42	15.68		31.74	0.43	15.66	0.038
12.21	-6.32	44.81		12.21	-6.29	44.81	0.034
-6.84	4.70	55.66		-6.94	4.68	55.66	0.100
26.34	11.31	27.06		26.41	11.33	27.08	0.073
35.99	5.34	-18.59		35.97	5.35	-18.58	0.023
18.44	4.07	-23.96		18.45	4.07	-23.95	0.017
-39.80	-16.49	-15.20		-39.89	-16.52	-15.14	0.109
14.56	8.77	-17.43		14.63	8.75	-17.39	0.078
-6.77	3.21	57.20		-6.81	3.21	57.20	0.039
-3.45	-16.83	-39.43		-3.46	-16.82	-39.42	0.011
25.42	3.57	-29.78		25.41	3.59	-29.73	0.052
-5.80	-0.59	49.46		-5.74	-0.57	49.46	0.061
-7.32	-20.62	-41.42		-7.26	-20.66	-41.47	0.091
11.86	18.09	-27.76		11.88	18.10	-27.76	0.023
-6.57	19.07	39.96		-6.56	19.05	39.94	0.037
-9.73	14.12	37.78		-9.65	14.13	37.73	0.102
-18.05	-27.77	-40.34		-18.04	-27.82	-40.37	0.059
-15.94	-28.61	-14.82		-16.00	-28.48	-14.90	0.165
27.54	1.58	24.52		27.57	1.57	24.53	0.031
7.39	21.17	38.56		7.38	21.23	38.56	0.053
11.45	19.53	-22.74		11.46	19.53	-22.74	0.004
-5.97	0.02	48.40		-5.97	0.02	48.40	0.005
6.92	21.61	-3.12		6.89	21.63	-3.13	0.042
11.97	17.77	62.94		11.97	17.77	62.94	0.005
-6.12	10.08	53.28		-6.18	10.10	53.28	0.067
23.50	-7.60	9.08		23.48	-7.54	9.06	0.066
8.40	20.63	53.96		8.39	20.66	53.96	0.032
12.56	-10.91	8.35		12.55	-10.87	8.34	0.038
-4.14	13.60	5.06		-4.01	13.49	5.12	0.184
-34.90	3.44	-15.14		-34.84	3.33	-15.23	0.158
13.37	25.80	-6.95		13.37	25.82	-6.96	0.023
38.51	0.07	-0.51		38.45	0.11	-0.51	0.072
38.07	4.44	-12.83		38.04	4.44	-12.81	0.036
4.99	-10.92	-23.79		5.03	-10.94	-23.83	0.065
36.35	13.51	-5.33		36.36	13.51	-5.33	0.008
18.20	-1.17	61.39		18.19	-1.16	61.37	0.018
-12.87	15.79	17.22		-12.86	15.80	17.25	0.030
-39.36	2.05	-21.97		-39.41	2.08	-21.95	0.064
-30.73	-30.64	-27.54		-30.66	-30.53	-27.54	0.126
21.56	12.70	49.61		21.60	12.72	49.62	0.050
2.51	22.89	30.75		2.49	22.66	30.68	0.236
-9.02	-1.02	-42.54		-9.00	-1.01	-42.55	0.019
-24.14	-32.71	-25.85		-24.14	-32.71	-25.85	0.005
6.29	15.26	63.11		6.29	15.26	63.16	0.046
-29.19	-17.09	-46.72		-29.20	-17.12	-46.77	0.059
27.76	-5.94	12.54		27.74	-5.87	12.50	0.083
-1.52	-7.32	-31.59		-1.52	-7.32	-31.59	0.000
-2.94	14.40	4.58		-2.91	14.37	4.60	0.040
19.06	16.91	50.28		18.93	16.81	50.26	0.159
2.33	17.27	1.32		2.34	17.27	1.32	0.003
-9.39	11.53	36.40		-9.34	11.55	36.38	0.060
-8.64	7.48	31.86		-8.56	7.50	31.85	0.080
-12.24	-28.88	-36.00		-12.26	-28.84	-35.98	0.047
-1.15	-16.56	-36.07		-1.24	-16.53	-36.02	0.102
32.43	-5.70	8.64		32.43	-5.69	8.64	0.009
38.26	4.26	-12.45		38.28	4.26	-12.46	0.022
-21.75	-22.81	-45.28		-21.76	-22.83	-45.30	0.031
-7.62	12.88	41.02		-7.64	12.88	41.03	0.025
-35.79	-4.24	-11.11		-35.79	-4.23	-11.10	0.011
7.98	1.46	-20.40		7.99	1.48	-20.42	0.025
17.54	16.59	59.97		17.61	16.66	59.98	0.096
-15.69	13.88	21.23		-15.72	13.86	21.22	0.031
-13.04	7.08	-13.47		-13.08	7.17	-13.45	0.102
-34.71	2.28	-39.24		-34.65	2.19	-39.17	0.126
-8.50	20.78	15.97		-8.50	20.78	15.98	0.005
-30.35	6.88	-37.07		-30.34	6.87	-37.07	0.019
11.58	19.12	-14.98		11.59	19.12	-14.98	0.009
25.69	8.79	31.73		25.77	8.79	31.75	0.078
-26.47	-29.12	-37.61		-26.47	-29.12	-37.61	0.001
