200, PA4-F-Debug-Output.txt
23.842, 5.137, 41.405, 23.850, 5.136, 41.407, 0.008
-32.141, -4.600, -9.524, -32.146, -4.591, -9.504, 0.022
-0.595, -3.615, -27.621, -0.540, -3.582, -27.657, 0.073
33.487, -7.210, -12.951, 33.406, -7.127, -12.968, 0.118
25.097, 24.188, 2.912, 25.030, 24.053, 2.900, 0.151
-10.447, -29.192, -20.992, -10.489, -29.112, -21.014, 0.093
-8.859, 24.494, 22.415, -8.858, 24.575, 22.393, 0.084
-5.932, -0.025, 55.271, -5.946, -0.030, 55.271, 0.015
13.934, 11.679, 63.189, 13.936, 11.678, 63.133, 0.056
-2.920, 13.319, 2.656, -2.879, 13.281, 2.679, 0.060
19.673, -8.901, -22.618, 19.674, -8.893, -22.610, 0.012
-3.483, -4.373, 48.590, -3.426, -4.302, 48.584, 0.091
25.832, 8.130, 31.658, 25.852, 8.132, 31.664, 0.021
-15.556, 4.662, -42.470, -15.560, 4.655, -42.460, 0.012
-11.801, 6.077, -3.540, -11.783, 6.043, -3.538, 0.039
-26.364, -2.601, -9.987, -26.356, -2.612, -10.003, 0.021
-6.665, 2.725, 46.303, -6.611, 2.730, 46.303, 0.054
-11.416, 23.940, 22.681, -11.455, 24.074, 22.639, 0.145
-8.422, 6.056, -33.262, -8.299, 6.169, -33.270, 0.167
28.569, 14.791, 16.982, 28.603, 14.814, 17.003, 0.046
-19.204, -10.471, -3.173, -19.228, -10.487, -3.113, 0.066
-11.037, 8.664, -18.029, -11.025, 8.715, -18.006, 0.058
19.309, 26.143, -8.370, 19.307, 26.130, -8.369, 0.013
22.219, -15.624, -14.203, 22.229, -15.671, -14.207, 0.049
-8.580, -14.254, -44.984, -8.596, -14.246, -44.965, 0.026
-27.050, -31.024, -19.577, -27.056, -31.043, -19.574, 0.021
-8.384, 10.267, 7.176, -8.455, 10.341, 7.153, 0.106
-6.621, 3.671, 47.213, -6.704, 3.663, 47.214, 0.083
-6.647, 13.337, 8.917, -6.640, 13.330, 8.923, 0.012
-21.771, 4.967, -13.721, -21.774, 4.983, -13.702, 0.025
35.139, 0.158, 11.850, 35.113, 0.162, 11.825, 0.037
29.735, -7.734, -23.444, 29.651, -7.599, -23.363, 0.179
30.941, -8.544, -2.724, 31.011, -8.647, -2.708, 0.126
-30.421, -24.284, -11.225, -30.406, -24.262, -11.245, 0.034
12.905, 26.715, 8.053, 12.897, 26.654, 8.045, 0.062
17.004, 2.435, -22.116, 16.984, 2.437, -22.142, 0.032
-24.463, -30.986, -34.607, -24.477, -31.064, -34.643, 0.087
7.656, 23.664, 23.995, 7.656, 23.540, 23.971, 0.126
20.094, 1.132, 57.156, 20.281, 1.036, 57.186, 0.212
-5.480, 4.040, -28.181, -5.469, 4.046, -28.185, 0.013
9.753, -6.786, 27.403, 9.764, -6.880, 27.410, 0.094
-11.987, -23.223, -42.994, -11.979, -23.236, -43.006, 0.020
-4.840, 0.347, 63.152, -4.837, 0.345, 63.130, 0.023
17.344, -2.620, 60.162, 17.339, -2.616, 60.161, 0.006
-25.970, -9.346, -6.420, -25.954, -9.350, -6.468, 0.051
-27.513, 3.616, -42.325, -27.512, 3.613, -42.321, 0.005
-3.309, -21.569, -15.464, -3.320, -21.556, -15.471, 0.019
12.271, 21.699, -14.639, 12.165, 21.728, -14.653, 0.111
-7.744, -3.366, 24.487, -7.851, -3.417, 24.507, 0.120
-15.345, -0.988, 4.398, -15.200, -1.001, 4.345, 0.155
-39.272, -2.437, -37.445, -39.264, -2.439, -37.440, 0.009
-6.587, -2.791, -41.406, -6.587, -2.790, -41.407, 0.001
-39.822, -12.248, -35.866, -39.850, -12.255, -35.862, 0.030
-5.367, 8.453, -13.702, -5.385, 8.525, -13.711, 0.075
-29.739, 0.936, -43.150, -29.790, 1.000, -43.237, 0.120
5.614, 4.723, 63.365, 5.610, 4.720, 63.313, 0.052
-1.054, 10.827, 63.248, -1.054, 10.830, 63.307, 0.059
-43.424, -9.709, -21.636, -43.455, -9.712, -21.629, 0.032
-38.402, -18.949, -14.693, -38.384, -18.938, -14.706, 0.025
26.539, 10.482, 27.787, 26.485, 10.466, 27.772, 0.058
-2.756, 14.581, 4.648, -2.747, 14.573, 4.653, 0.012
-1.246, -10.954, 10.157, -1.262, -11.097, 10.178, 0.146
-6.650, 13.754, 9.493, -6.650, 13.755, 9.492, 0.001
6.527, -6.182, -23.292, 6.534, -6.179, -23.310, 0.020
27.374, -3.202, 18.865, 27.318, -3.141, 18.834, 0.089
29.599, 7.843, 19.932, 29.663, 7.850, 19.959, 0.070
12.633, 17.844, -15.303, 12.606, 17.827, -15.299, 0.032
1.203, 16.143, 1.691, 1.148, 16.231, 1.648, 0.112
15.408, 19.540, -30.761, 15.399, 19.566, -30.793, 0.042
-12.286, 10.140, -25.780, -12.283, 10.144, -25.781, 0.005
-16.290, -12.434, -3.148, -16.289, -12.432, -3.151, 0.004
-5.553, -0.230, 61.324, -5.594, -0.230, 61.320, 0.042
-9.295, 2.389, 23.358, -9.345, 2.378, 23.372, 0.052
-22.093, 5.603, -14.114, -22.094, 5.512, -14.197, 0.124
22.230, 25.110, -11.824, 22.250, 25.167, -11.823, 0.061
17.458, -15.808, -14.960, 17.455, -15.819, -14.966, 0.013
11.824, -10.480, -20.705, 11.812, -10.451, -20.676, 0.044
-3.005, 9.655, -7.799, -3.022, 9.712, -7.817, 0.062
-10.965, -27.055, -38.193, -11.026, -26.963, -38.129, 0.128
-4.563, -12.176, -41.443, -4.503, -12.185, -41.491, 0.077
36.809, -1.686, -13.632, 36.746, -1.642, -13.606, 0.081
-2.368, -1.760, -28.898, -2.368, -1.760, -28.898, 0.000
-25.731, -4.296, -47.433, -25.725, -4.285, -47.455, 0.025
-2.878, 8.726, -14.783, -2.878, 8.728, -14.783, 0.002
7.775, 25.163, 10.719, 7.725, 25.347, 10.721, 0.191
-30.259, 8.300, -33.666, -30.251, 8.274, -33.655, 0.029
28.348, 18.816, -22.448, 28.375, 18.834, -22.474, 0.042
32.815, 14.539, 11.290, 32.851, 14.566, 11.311, 0.049
21.113, 11.975, 56.671, 21.039, 11.950, 56.667, 0.079
-33.021, -28.699, -22.093, -33.003, -28.671, -22.099, 0.034
10.998, 26.554, 1.630, 10.936, 26.683, 1.606, 0.145
4.039, 22.905, 5.881, 4.067, 22.883, 5.885, 0.036
-40.397, -11.189, -31.955, -40.337, -11.161, -31.919, 0.075
22.149, -6.848, 12.987, 22.138, -6.811, 12.978, 0.040
12.459, 22.465, 33.558, 12.466, 22.369, 33.544, 0.097
-0.255, 4.975, -21.763, -0.241, 4.992, -21.778, 0.026
-8.722, 9.662, 35.535, -8.664, 9.691, 35.517, 0.068
-34.893, -3.482, -43.134, -34.930, -3.456, -43.201, 0.080
18.067, 15.985, 57.888, 18.290, 16.181, 57.916, 0.298
4.488, -15.023, -4.028, 4.489, -15.127, -3.989, 0.111
11.025, 24.231, 19.414, 11.027, 24.268, 19.419, 0.037
26.108, 23.588, -15.020, 26.041, 23.454, -15.021, 0.149
-32.519, -2.252, -43.974, -32.506, -2.263, -43.946, 0.033
-13.675, 2.329, 5.124, -13.662, 2.324, 5.123, 0.014
-18.621, -5.675, -1.977, -18.611, -5.670, -1.993, 0.020
38.264, 11.233, 0.351, 38.240, 11.217, 0.351, 0.029
33.794, 2.038, -23.066, 33.758, 2.038, -23.041, 0.044
18.192, -1.812, 59.552, 18.123, -1.754, 59.544, 0.090
-26.797, 3.949, -42.426, -26.777, 3.895, -42.367, 0.083
-37.711, -14.508, -11.332, -37.680, -14.501, -11.353, 0.038
-6.462, 19.416, 13.545, -6.466, 19.420, 13.537, 0.009
-6.189, -11.609, 3.860, -6.202, -11.650, 3.877, 0.046
9.658, -16.191, -6.517, 9.653, -16.209, -6.516, 0.018
21.619, -2.909, 34.022, 21.594, -2.886, 34.012, 0.035
-3.741, -2.239, -34.436, -3.837, -2.266, -34.419, 0.101
10.403, -4.323, 63.313, 10.404, -4.322, 63.358, 0.045
14.480, 18.420, 62.210, 14.469, 18.406, 62.180, 0.035
2.158, -8.054, 26.964, 2.171, -8.120, 26.979, 0.070
14.364, 1.649, 62.968, 14.365, 1.649, 63.002, 0.034
-16.775, 5.922, -41.785, -16.776, 5.930, -41.794, 0.012
-15.885, 19.931, 26.641, -15.885, 19.931, 26.641, 0.000
0.044, -12.462, -32.051, 0.091, -12.444, -32.056, 0.050
15.309, -17.027, -10.515, 15.303, -17.055, -10.523, 0.030
-26.214, -29.156, -15.365, -26.207, -29.127, -15.377, 0.033
24.046, -6.141, 13.277, 24.069, -6.208, 13.289, 0.071
29.111, -9.344, 0.924, 29.101, -9.320, 0.915, 0.027
-7.268, 25.161, 25.303, -7.272, 25.069, 25.302, 0.092
-28.789, 3.562, -13.954, -28.781, 3.587, -13.839, 0.117
31.785, -7.584, -1.569, 31.820, -7.613, -1.565, 0.046
-36.808, -25.584, -29.516, -36.851, -25.627, -29.523, 0.062
-8.202, 5.741, 30.497, -8.280, 5.812, 30.376, 0.160
10.538, 26.436, 5.094, 10.542, 26.415, 5.094, 0.022
-8.166, 1.050, 27.046, -8.134, 1.055, 27.039, 0.033
14.093, -3.156, -22.228, 14.096, -3.157, -22.163, 0.065
5.263, -10.224, 15.192, 5.234, -10.123, 15.166, 0.108
38.499, 3.991, -12.287, 38.451, 3.982, -12.258, 0.057
35.120, -4.135, -7.845, 35.058, -4.066, -7.853, 0.094
-19.200, -21.230, -46.435, -19.185, -21.261, -46.517, 0.089
-11.939, -13.157, -47.086, -11.923, -13.163, -47.142, 0.058
6.050, -12.280, 5.673, 6.036, -12.453, 5.715, 0.178
21.645, 8.136, 57.768, 21.623, 8.134, 57.765, 0.023
1.725, 10.562, -10.200, 1.779, 10.413, -10.145, 0.168
-12.250, 11.508, 32.803, -12.130, 11.637, 32.752, 0.183
-4.419, 10.853, -1.064, -4.438, 10.878, -1.072, 0.032
-11.270, -16.142, -46.009, -11.271, -16.141, -46.007, 0.003
19.790, -10.951, 2.946, 19.759, -10.895, 2.921, 0.069
-6.582, 2.872, 48.118, -6.616, 2.869, 48.118, 0.033
11.904, 24.215, 19.367, 11.905, 24.234, 19.370, 0.019
-18.617, 5.399, -13.110, -18.604, 5.370, -13.138, 0.042
1.751, -18.002, -10.908, 1.792, -18.182, -10.850, 0.193
-38.030, -17.436, -13.074, -38.002, -17.423, -13.093, 0.036
-0.315, -0.470, -25.439, -0.311, -0.468, -25.443, 0.006
-5.287, 0.175, 62.729, -5.300, 0.172, 62.743, 0.019
-3.984, -5.081, 34.102, -4.045, -5.136, 34.132, 0.088
16.449, 18.268, 56.494, 16.373, 18.168, 56.477, 0.127
-3.274, 2.948, -26.258, -3.230, 2.987, -26.289, 0.066
24.904, 9.478, 34.367, 25.045, 9.486, 34.393, 0.143
1.919, -18.340, -11.719, 1.937, -18.420, -11.694, 0.085
-1.561, 19.439, 8.925, -1.451, 19.332, 9.017, 0.179
34.367, 16.555, 4.191, 34.341, 16.532, 4.188, 0.034
-26.058, -0.380, -11.760, -26.101, -0.297, -11.665, 0.133
-3.345, -21.806, -15.688, -3.388, -21.757, -15.716, 0.070
12.818, -17.113, -8.475, 12.836, -17.064, -8.460, 0.054
-3.119, 16.364, 8.186, -3.114, 16.360, 8.190, 0.007
-7.350, 24.769, 28.032, -7.344, 24.873, 28.057, 0.107
-2.371, -2.212, 63.418, -2.371, -2.211, 63.434, 0.016
-3.556, -4.901, 39.092, -3.597, -4.944, 39.100, 0.060
25.153, -6.901, 10.968, 25.149, -6.792, 10.935, 0.115
-3.255, 22.433, 34.105, -3.233, 22.562, 34.150, 0.139
-29.066, 2.311, -42.651, -29.078, 2.327, -42.672, 0.028
-35.845, -17.773, -42.261, -35.777, -17.725, -42.194, 0.106
-41.406, -1.252, -31.353, -41.386, -1.262, -31.346, 0.023
10.810, -7.413, 21.693, 10.802, -7.332, 21.683, 0.083
-40.018, -17.696, -16.530, -40.094, -17.727, -16.497, 0.089
-15.119, 10.595, -32.291, -15.147, 10.538, -32.277, 0.065
27.689, -1.682, 20.413, 27.659, -1.656, 20.398, 0.042
1.102, -11.622, 8.454, 1.100, -11.635, 8.455, 0.013
-14.353, -5.456, 4.229, -14.317, -5.444, 4.203, 0.046
-13.848, -0.722, 7.192, -13.902, -0.732, 7.213, 0.059
27.545, 22.424, -14.429, 27.614, 22.531, -14.426, 0.128
15.256, 9.643, 63.100, 15.254, 9.642, 63.175, 0.074
-41.089, -17.747, -30.232, -41.097, -17.750, -30.237, 0.010
-4.994, -2.698, 56.795, -4.788, -2.557, 56.796, 0.249
-31.728, 7.763, -33.444, -31.662, 7.658, -33.396, 0.133
-0.302, -5.907, 53.169, -0.394, -6.118, 53.150, 0.230
-2.285, -7.236, -34.855, -2.277, -7.233, -34.853, 0.009
10.733, -6.606, 32.447, 10.722, -6.486, 32.444, 0.120
-3.456, -23.368, -19.440, -3.429, -23.407, -19.429, 0.049
-18.831, 5.507, -13.105, -18.775, 5.381, -13.228, 0.185
27.996, 7.035, 24.766, 27.951, 7.029, 24.752, 0.047
17.542, 10.094, 63.175, 17.541, 10.094, 63.164, 0.012
-32.070, -27.717, -16.965, -32.050, -27.679, -16.981, 0.046
-30.681, -28.191, -16.678, -30.666, -28.175, -16.689, 0.024
-6.793, -20.584, -10.334, -6.803, -20.569, -10.357, 0.028
-0.361, -1.554, -26.566, -0.397, -1.584, -26.516, 0.069
-5.144, -23.497, -16.596, -5.110, -23.549, -16.570, 0.068
21.129, -6.909, 12.825, 21.191, -7.118, 12.875, 0.224
13.351, -6.054, 41.810, 13.390, -6.178, 41.815, 0.130
23.842, 19.773, -25.998, 23.843, 19.774, -25.999, 0.001
-7.040, 5.658, 38.994, -7.126, 5.640, 38.994, 0.088
