200, PA4-K-Unknown-Output.txt
11.993, -15.191, -14.045, 11.995, -15.120, -14.015, 0.077
22.293, 8.053, 51.493, 22.387, 8.058, 51.505, 0.095
20.771, 14.855, -30.787, 20.747, 14.849, -30.749, 0.046
-1.919, -9.751, -37.482, -1.848, -9.755, -37.496, 0.073
28.489, 21.980, -11.571, 28.496, 21.991, -11.572, 0.013
-7.761, 0.654, 28.508, -7.763, 0.653, 28.508, 0.002
10.238, 20.811, 56.226, 10.235, 20.718, 56.226, 0.093
2.674, 13.287, -5.385, 2.653, 13.313, -5.409, 0.041
6.013, 21.743, 33.178, 6.002, 21.920, 33.211, 0.180
-4.155, -4.582, 36.120, -4.276, -4.694, 36.122, 0.165
26.673, -3.028, 20.255, 26.635, -3.001, 20.228, 0.054
-23.218, -14.470, -6.071, -23.218, -14.470, -6.062, 0.009
-11.155, -24.930, -12.562, -11.176, -24.884, -12.593, 0.059
17.416, 6.417, -24.258, 17.515, 6.472, -24.185, 0.134
-20.733, 9.851, -36.658, -20.738, 9.708, -36.551, 0.178
-6.753, 7.851, 46.663, -6.797, 7.855, 46.665, 0.044
33.397, -5.709, 2.481, 33.507, -5.846, 2.482, 0.176
0.142, 4.476, -22.043, 0.133, 4.465, -22.033, 0.017
36.157, 4.141, 10.800, 36.201, 4.144, 10.839, 0.058
22.172, 4.307, 50.729, 22.211, 4.301, 50.736, 0.040
-21.337, -27.309, -40.960, -21.345, -27.347, -40.992, 0.050
-30.583, -30.410, -27.171, -30.662, -30.551, -27.178, 0.162
16.965, 25.085, -18.419, 16.935, 25.142, -18.417, 0.065
-3.522, -20.594, -36.227, -3.394, -20.686, -36.310, 0.179
21.027, 18.757, 32.939, 21.051, 18.771, 32.946, 0.029
-25.114, 11.017, -21.589, -25.177, 11.201, -21.578, 0.194
-26.351, 1.221, -44.860, -26.355, 1.227, -44.869, 0.012
24.694, 24.244, -7.443, 24.700, 24.257, -7.444, 0.015
-31.218, -23.782, -11.369, -31.225, -23.791, -11.360, 0.014
-32.050, -29.787, -27.382, -32.028, -29.755, -27.377, 0.038
-4.600, -16.473, -40.735, -4.602, -16.472, -40.733, 0.003
-17.413, -32.507, -26.929, -17.427, -32.400, -26.938, 0.109
-11.901, -20.775, -9.553, -11.905, -20.823, -9.495, 0.076
-28.022, -20.232, -7.181, -28.022, -20.232, -7.185, 0.003
17.331, -1.089, -22.496, 17.342, -1.086, -22.474, 0.025
-17.614, -8.075, -48.311, -17.602, -8.056, -48.399, 0.091
19.596, 14.288, 59.631, 19.545, 14.250, 59.622, 0.065
30.432, -8.696, -6.851, 30.481, -8.748, -6.865, 0.073
20.426, -2.194, 41.576, 20.496, -2.268, 41.586, 0.103
28.636, -1.260, -27.788, 28.694, -1.324, -27.863, 0.115
25.111, -5.623, 13.474, 25.170, -5.797, 13.504, 0.186
11.733, 21.749, 42.440, 11.723, 21.784, 42.440, 0.036
16.088, 1.972, -21.673, 16.073, 1.974, -21.711, 0.041
-22.460, -28.252, -13.158, -22.463, -28.271, -13.145, 0.024
-31.916, -29.787, -27.201, -31.940, -29.830, -27.204, 0.049
35.660, 0.398, -19.479, 35.537, 0.391, -19.441, 0.129
-29.926, -30.215, -21.042, -29.942, -30.257, -21.036, 0.045
-42.022, -13.795, -18.115, -41.992, -13.788, -18.124, 0.031
-8.711, -0.358, 23.579, -8.705, -0.357, 23.578, 0.007
14.855, 11.801, -17.748, 14.897, 11.809, -17.739, 0.044
-7.239, 23.291, 33.734, -7.242, 23.312, 33.744, 0.023
-34.219, -24.707, -15.373, -34.236, -24.725, -15.358, 0.029
-26.226, 9.300, -18.062, -26.258, 9.394, -18.007, 0.113
-24.544, 5.059, -42.128, -24.530, 5.021, -42.088, 0.056
2.130, -7.703, 28.586, 2.138, -7.756, 28.596, 0.055
-7.692, 25.155, 25.648, -7.692, 25.081, 25.651, 0.074
31.735, -7.864, -2.380, 31.725, -7.856, -2.381, 0.014
-0.779, 19.696, 42.343, -0.803, 19.785, 42.359, 0.093
-0.872, -10.240, -34.601, -0.993, -10.260, -34.574, 0.126
14.500, 19.401, 57.184, 14.537, 19.449, 57.192, 0.060
35.160, 4.424, 12.053, 35.130, 4.422, 12.027, 0.039
-26.477, 9.010, -35.895, -26.466, 8.957, -35.865, 0.063
-2.190, -2.154, 63.425, -2.190, -2.154, 63.434, 0.009
15.014, -5.067, 51.707, 15.019, -5.077, 51.708, 0.011
25.397, 5.013, 34.186, 25.332, 5.018, 34.171, 0.067
-5.217, -2.258, 57.276, -5.066, -2.155, 57.277, 0.183
8.854, 20.660, 57.227, 8.866, 20.625, 57.227, 0.037
23.226, -4.260, 23.178, 23.206, -4.220, 23.168, 0.045
-42.939, -7.341, -19.502, -42.946, -7.341, -19.501, 0.007
24.529, 6.286, 38.276, 24.518, 6.286, 38.274, 0.012
18.906, -8.621, 9.230, 18.923, -8.688, 9.248, 0.072
-35.292, 3.627, -15.772, -35.276, 3.615, -15.797, 0.032
-13.826, 12.013, 20.557, -13.887, 11.966, 20.524, 0.084
-22.456, -3.503, -47.447, -22.472, -3.495, -47.345, 0.104
7.071, 13.778, -8.903, 7.088, 13.761, -8.859, 0.049
-5.396, 0.944, -32.239, -5.405, 0.940, -32.240, 0.009
0.353, 9.548, -12.326, 0.360, 9.484, -12.310, 0.067
-8.722, -3.073, 20.292, -8.841, -3.125, 20.318, 0.133
-9.030, -27.874, -34.335, -9.075, -27.809, -34.300, 0.087
-8.908, 7.620, -9.358, -8.911, 7.627, -9.358, 0.008
10.509, 21.501, 36.753, 10.475, 21.734, 36.767, 0.236
26.433, -5.168, 14.707, 26.430, -5.158, 14.706, 0.011
17.968, -15.272, -15.784, 17.931, -15.394, -15.880, 0.160
-6.085, 23.813, 32.557, -6.068, 23.868, 32.585, 0.065
10.648, 23.077, 27.616, 10.648, 23.061, 27.613, 0.016
16.396, 9.697, -23.091, 16.404, 9.699, -23.090, 0.008
22.420, -12.975, -20.249, 22.481, -13.109, -20.328, 0.167
15.431, 2.318, -21.369, 15.406, 2.322, -21.435, 0.071
-12.962, 18.528, 34.893, -12.990, 18.540, 34.922, 0.042
-39.815, 0.517, -32.717, -39.795, 0.503, -32.710, 0.026
20.871, -16.047, -6.101, 20.876, -16.054, -6.098, 0.009
25.500, -5.147, 15.735, 25.528, -5.223, 15.755, 0.083
13.224, -5.966, 55.827, 13.189, -5.904, 55.822, 0.071
26.017, 7.207, -30.249, 26.017, 7.206, -30.256, 0.008
12.052, -16.278, -2.438, 12.078, -16.182, -2.469, 0.105
-27.237, -18.024, -7.130, -27.229, -18.027, -7.186, 0.057
-6.565, 0.054, 36.739, -6.488, 0.071, 36.728, 0.080
38.438, 6.847, 7.598, 38.434, 6.846, 7.596, 0.004
-7.112, -20.447, -10.147, -7.112, -20.448, -10.145, 0.002
-11.509, 8.844, 15.031, -11.447, 8.854, 15.040, 0.063
14.667, 19.427, -30.752, 14.676, 19.402, -30.722, 0.040
-33.380, -5.777, -9.251, -33.368, -5.799, -9.292, 0.048
30.869, -8.609, -5.817, 30.892, -8.633, -5.823, 0.034
-7.280, 19.233, 13.695, -7.207, 19.162, 13.822, 0.163
-4.193, 18.865, 11.822, -4.209, 18.882, 11.802, 0.030
-39.298, 2.138, -21.634, -39.276, 2.122, -21.641, 0.028
-6.787, 3.385, 36.395, -6.911, 3.370, 36.403, 0.126
-4.884, -15.743, -4.143, -4.884, -15.753, -4.137, 0.012
32.135, 3.077, -25.666, 32.089, 3.082, -25.637, 0.055
12.161, 22.409, 31.159, 12.155, 22.494, 31.163, 0.085
-37.464, -20.271, -38.329, -37.406, -20.236, -38.297, 0.075
-42.989, -3.846, -28.982, -43.090, -3.823, -29.017, 0.109
8.492, 25.729, 8.309, 8.511, 25.685, 8.303, 0.048
38.010, -0.968, -11.655, 37.965, -0.942, -11.639, 0.055
-2.714, -7.864, -39.319, -2.719, -7.865, -39.315, 0.006
-31.451, -30.049, -24.725, -31.451, -30.050, -24.725, 0.001
-19.944, -10.441, -3.330, -19.924, -10.428, -3.379, 0.054
19.253, 22.521, 19.691, 19.291, 22.631, 19.721, 0.120
-6.596, 10.496, 44.024, -6.789, 10.524, 44.049, 0.196
-6.575, 2.378, -36.228, -6.507, 2.436, -36.265, 0.096
-30.267, 6.189, -38.185, -30.287, 6.228, -38.202, 0.047
-5.895, 11.245, 52.381, -5.809, 11.215, 52.380, 0.091
38.108, 2.387, 8.696, 38.075, 2.392, 8.671, 0.042
-9.779, -25.869, -38.391, -9.762, -25.890, -38.406, 0.031
13.632, 20.268, 57.545, 13.563, 20.185, 57.534, 0.109
-10.944, 2.910, 17.992, -10.916, 2.919, 17.982, 0.031
-25.331, -12.311, -48.318, -25.349, -12.316, -48.449, 0.132
1.317, 21.834, 34.657, 1.314, 21.791, 34.647, 0.044
21.561, 23.024, 15.026, 21.547, 22.989, 15.018, 0.039
-24.714, -1.364, -10.099, -24.714, -1.365, -10.100, 0.002
-39.988, -22.055, -27.787, -40.043, -22.091, -27.796, 0.066
31.761, 0.398, 15.683, 31.730, 0.408, 15.658, 0.042
12.201, -6.325, 44.812, 12.197, -6.287, 44.813, 0.038
-6.851, 4.706, 55.656, -6.945, 4.642, 56.031, 0.392
26.346, 11.295, 27.058, 26.417, 11.316, 27.078, 0.077
35.996, 5.304, -18.593, 35.966, 5.309, -18.580, 0.033
18.441, 4.039, -23.959, 18.457, 4.043, -23.947, 0.021
-39.807, -16.486, -15.208, -39.891, -16.519, -15.150, 0.107
14.568, 8.744, -17.440, 14.626, 8.728, -17.404, 0.070
-6.779, 3.220, 57.195, -6.812, 3.215, 57.193, 0.033
-3.453, -16.848, -39.429, -3.464, -16.842, -39.418, 0.016
25.427, 3.538, -29.779, 25.417, 3.555, -29.717, 0.065
-5.809, -0.583, 49.451, -5.746, -0.561, 49.450, 0.067
-7.324, -20.638, -41.420, -7.272, -20.682, -41.467, 0.083
11.875, 18.065, -27.772, 11.896, 18.074, -27.768, 0.024
-6.569, 19.074, 39.950, -6.556, 19.056, 39.930, 0.030
-9.731, 14.123, 37.773, -9.654, 14.137, 37.721, 0.094
-18.061, -27.789, -40.334, -18.055, -27.826, -40.365, 0.049
-15.958, -28.617, -14.815, -16.014, -28.483, -14.901, 0.168
27.537, 1.563, 24.522, 27.561, 1.553, 24.530, 0.027
7.394, 21.169, 38.551, 7.383, 21.226, 38.549, 0.058
11.466, 19.504, -22.748, 11.449, 19.512, -22.746, 0.019
-5.973, 0.024, 48.391, -5.973, 0.024, 48.391, 0.000
6.934, 21.594, -3.132, 6.887, 21.624, -3.147, 0.058
11.967, 17.769, 62.932, 11.967, 17.770, 62.935, 0.003
-6.118, 10.089, 53.271, -6.177, 10.109, 53.272, 0.062
23.493, -7.621, 9.082, 23.472, -7.542, 9.060, 0.085
8.405, 20.629, 53.947, 8.394, 20.662, 53.951, 0.035
12.552, -10.922, 8.349, 12.541, -10.874, 8.332, 0.052
-4.136, 13.595, 5.047, -4.006, 13.488, 5.106, 0.178
-34.893, 3.440, -15.148, -34.836, 3.334, -15.241, 0.152
13.388, 25.774, -6.965, 13.381, 25.812, -6.979, 0.041
38.509, 0.040, -0.514, 38.434, 0.091, -0.509, 0.090
38.074, 4.404, -12.829, 38.045, 4.399, -12.812, 0.034
4.983, -10.946, -23.790, 5.027, -10.964, -23.827, 0.060
36.361, 13.473, -5.334, 36.378, 13.486, -5.335, 0.022
18.186, -1.169, 61.384, 18.179, -1.164, 61.375, 0.012
-12.869, 15.793, 17.213, -12.848, 15.798, 17.243, 0.036
-39.358, 2.047, -21.981, -39.412, 2.085, -21.962, 0.069
-30.740, -30.646, -27.543, -30.673, -30.527, -27.537, 0.137
21.555, 12.696, 49.607, 21.605, 12.715, 49.615, 0.054
2.522, 22.883, 30.734, 2.499, 22.663, 30.675, 0.229
-9.012, -1.042, -42.543, -8.999, -1.035, -42.558, 0.020
-24.152, -32.717, -25.847, -24.152, -32.713, -25.847, 0.004
6.286, 15.265, 63.104, 6.284, 15.263, 63.159, 0.055
-29.198, -17.105, -46.725, -29.200, -17.128, -46.770, 0.051
27.754, -5.966, 12.539, 27.725, -5.880, 12.492, 0.102
-1.525, -7.345, -31.595, -1.519, -7.343, -31.597, 0.006
-2.930, 14.387, 4.575, -2.908, 14.365, 4.587, 0.033
19.057, 16.907, 50.271, 18.937, 16.810, 50.254, 0.155
2.343, 17.261, 1.307, 2.338, 17.265, 1.305, 0.007
-9.390, 11.531, 36.386, -9.343, 11.556, 36.371, 0.056
-8.638, 7.479, 31.850, -8.565, 7.505, 31.839, 0.079
-12.254, -28.894, -35.994, -12.274, -28.848, -35.970, 0.056
-1.158, -16.583, -36.068, -1.244, -16.550, -36.016, 0.105
32.427, -5.729, 8.644, 32.414, -5.703, 8.634, 0.030
38.266, 4.221, -12.448, 38.287, 4.224, -12.461, 0.024
-21.761, -22.829, -45.281, -21.766, -22.841, -45.296, 0.020
-7.620, 12.887, 41.008, -7.648, 12.887, 41.017, 0.029
-35.787, -4.233, -11.113, -35.794, -4.228, -11.100, 0.016
7.987, 1.440, -20.404, 7.995, 1.463, -20.432, 0.036
17.542, 16.590, 59.964, 17.616, 16.655, 59.974, 0.099
-15.690, 13.882, 21.218, -15.712, 13.864, 21.206, 0.031
-13.035, 7.066, -13.483, -13.077, 7.169, -13.456, 0.115
-34.708, 2.276, -39.248, -34.645, 2.190, -39.184, 0.124
-8.493, 20.777, 15.961, -8.490, 20.772, 15.966, 0.008
-30.343, 6.875, -37.085, -30.338, 6.863, -37.081, 0.013
11.595, 19.097, -14.988, 11.602, 19.099, -14.986, 0.007
25.693, 8.771, 31.726, 25.771, 8.778, 31.747, 0.081
-26.478, -29.129, -37.610, -26.475, -29.120, -37.606, 0.010
