200, PA4-J-Unknown-Output.txt
18.410, -10.111, 6.246, 18.392, -10.076, 6.228, 0.043
-1.022, 1.303, -25.206, -1.046, 1.293, -25.187, 0.032
27.977, 22.218, -11.490, 28.028, 22.296, -11.494, 0.094
-6.626, 2.326, 48.025, -6.565, 2.332, 48.024, 0.062
34.064, 1.336, 13.091, 34.136, 1.329, 13.145, 0.091
1.075, 10.320, -9.392, 1.042, 10.413, -9.427, 0.106
14.266, -16.325, -12.049, 14.277, -16.287, -12.035, 0.042
34.817, 15.223, -12.996, 34.787, 15.212, -12.989, 0.032
-39.956, -13.402, -36.567, -39.915, -13.399, -36.563, 0.041
21.150, 4.634, -28.421, 21.129, 4.619, -28.444, 0.034
25.451, 14.113, 26.257, 25.473, 14.136, 26.203, 0.063
19.969, 22.555, -26.493, 19.985, 22.584, -26.513, 0.039
31.582, 12.915, 13.677, 31.573, 12.912, 13.670, 0.012
9.595, -14.701, -16.345, 9.597, -14.714, -16.351, 0.015
35.589, 7.863, -18.806, 35.609, 7.865, -18.813, 0.021
38.314, 5.604, 8.079, 38.331, 5.605, 8.091, 0.020
-12.281, 10.106, -21.318, -12.292, 10.074, -21.323, 0.034
2.494, -13.193, 0.105, 2.485, -13.257, 0.119, 0.066
15.120, -4.345, 60.729, 15.169, -4.420, 60.729, 0.090
-43.072, -13.359, -21.604, -43.062, -13.358, -21.606, 0.010
-24.663, -32.063, -21.626, -24.675, -32.130, -21.605, 0.071
19.244, 24.795, 10.886, 19.212, 24.688, 10.862, 0.113
-39.920, -11.231, -34.752, -39.951, -11.239, -34.747, 0.032
-7.113, 13.448, 9.656, -7.094, 13.429, 9.670, 0.030
12.207, -6.460, 30.165, 12.202, -6.410, 30.161, 0.051
-22.211, 12.071, -25.343, -22.210, 12.132, -25.332, 0.063
-8.842, -29.082, -25.471, -8.854, -29.067, -25.474, 0.019
8.825, 19.918, 59.931, 8.820, 19.889, 59.908, 0.037
3.374, -15.759, -22.100, 3.492, -15.828, -22.148, 0.144
-5.987, -18.313, -8.297, -6.005, -18.281, -8.312, 0.040
39.459, 3.500, 3.920, 39.554, 3.492, 3.924, 0.095
11.550, 14.721, 63.061, 11.552, 14.721, 63.111, 0.050
-34.441, -0.039, -41.546, -34.454, -0.024, -41.563, 0.026
0.390, 4.016, -22.313, 0.388, 4.014, -22.311, 0.003
-6.465, -1.285, 36.151, -6.298, -1.252, 36.129, 0.172
2.464, -4.282, 63.444, 2.464, -4.282, 63.448, 0.004
10.973, -12.723, -18.561, 11.002, -12.793, -18.618, 0.095
12.511, 17.124, -28.665, 12.488, 17.114, -28.670, 0.025
22.592, 13.967, 40.244, 22.538, 13.940, 40.238, 0.061
-43.005, -10.480, -27.944, -43.102, -10.525, -28.008, 0.125
-22.594, -1.780, -47.306, -22.586, -1.746, -47.385, 0.086
-6.040, 24.601, 28.144, -6.014, 24.741, 28.180, 0.146
29.134, -6.296, 10.935, 29.105, -6.216, 10.901, 0.092
-33.174, 5.105, -37.520, -33.105, 5.039, -37.450, 0.118
25.272, 11.772, 30.188, 25.392, 11.811, 30.216, 0.129
-4.139, 20.972, 38.286, -4.102, 20.762, 38.200, 0.230
25.526, 14.736, 25.061, 25.542, 14.744, 25.067, 0.018
-32.374, 0.471, -42.378, -32.360, 0.448, -42.346, 0.042
-30.947, 7.447, -16.879, -30.913, 7.400, -16.903, 0.062
12.373, -0.435, -21.392, 12.367, -0.394, -21.468, 0.087
15.264, -12.957, 3.304, 15.247, -12.906, 3.280, 0.059
-21.098, -14.717, -5.633, -21.098, -14.717, -5.633, 0.000
13.088, -14.971, 1.045, 13.074, -14.940, 1.027, 0.039
4.003, 0.178, -22.658, 3.994, 0.170, -22.638, 0.023
-25.090, 11.811, -25.485, -25.089, 11.805, -25.486, 0.006
-11.803, 5.839, 5.518, -11.887, 5.899, 5.528, 0.104
-8.064, 19.315, 14.353, -8.045, 19.297, 14.385, 0.042
5.526, -15.744, -6.312, 5.526, -15.746, -6.312, 0.003
0.721, -7.590, 31.714, 0.720, -7.557, 31.711, 0.033
-16.325, 17.388, 23.865, -16.311, 17.384, 23.868, 0.014
-32.406, -2.835, -44.257, -32.389, -2.848, -44.222, 0.041
-8.802, -27.132, -35.303, -8.806, -27.124, -35.299, 0.010
14.984, 23.218, 23.510, 14.984, 23.217, 23.510, 0.001
12.598, -10.555, 8.503, 12.646, -10.768, 8.575, 0.230
27.797, 5.827, 26.149, 27.644, 5.842, 26.097, 0.162
-15.868, -5.954, 1.959, -15.843, -5.945, 1.939, 0.033
23.759, 14.026, 34.033, 23.654, 13.970, 34.007, 0.122
-15.854, -13.863, -48.473, -15.854, -13.863, -48.474, 0.001
2.849, -7.379, 30.305, 2.861, -7.545, 30.311, 0.167
-2.334, -9.894, 17.225, -2.354, -9.951, 17.233, 0.061
-12.152, -23.593, -42.711, -12.151, -23.595, -42.713, 0.003
25.263, 24.018, -10.415, 25.217, 23.913, -10.409, 0.114
36.960, 9.128, 8.693, 36.886, 9.100, 8.629, 0.102
11.125, -3.789, 63.354, 11.124, -3.789, 63.329, 0.025
3.749, -7.197, 52.872, 3.758, -7.125, 52.879, 0.074
-42.416, -13.252, -18.825, -42.346, -13.236, -18.847, 0.075
21.562, 18.070, -28.985, 21.511, 18.009, -28.898, 0.117
-43.461, -8.623, -21.384, -43.454, -8.623, -21.387, 0.007
0.926, 1.355, 63.434, 0.925, 1.354, 63.460, 0.026
-6.334, 10.423, 60.154, -6.175, 10.343, 60.156, 0.177
34.739, -4.915, -17.256, 34.716, -4.898, -17.248, 0.030
-7.243, 7.389, 40.533, -7.217, 7.390, 40.528, 0.026
12.321, 8.591, 63.022, 12.321, 8.590, 63.034, 0.012
4.230, -7.950, 25.368, 4.253, -8.067, 25.389, 0.121
22.520, 14.956, 35.999, 22.591, 14.996, 36.018, 0.084
-5.070, -2.248, 51.066, -5.012, -2.215, 51.064, 0.067
27.024, 5.100, 27.641, 27.077, 5.095, 27.658, 0.055
-17.059, -21.179, -45.791, -17.056, -21.184, -45.798, 0.009
-33.819, -9.892, -7.663, -33.818, -9.892, -7.670, 0.007
-23.719, 10.239, -35.168, -23.724, 10.265, -35.173, 0.027
26.055, 7.029, -30.233, 26.055, 7.029, -30.232, 0.001
-13.543, 9.115, -34.718, -13.550, 9.103, -34.714, 0.014
-28.495, -31.582, -28.120, -28.433, -31.437, -28.110, 0.158
-31.336, -28.471, -34.672, -31.364, -28.519, -34.692, 0.059
-0.027, 19.844, 42.671, -0.067, 19.966, 42.688, 0.130
15.355, 27.076, -3.759, 15.370, 26.955, -3.737, 0.124
4.618, -5.374, -24.251, 4.598, -5.381, -24.219, 0.039
-9.426, -20.518, -43.378, -9.407, -20.550, -43.444, 0.076
-1.411, 18.156, 7.750, -1.421, 18.165, 7.744, 0.015
0.119, -12.598, -32.168, 0.136, -12.591, -32.170, 0.018
17.248, 10.676, -28.065, 17.245, 10.673, -28.066, 0.005
-6.600, 8.767, 59.873, -6.661, 8.786, 59.872, 0.064
-0.787, -8.740, -31.148, -0.916, -8.767, -31.077, 0.149
-25.806, 11.664, -24.484, -25.797, 11.603, -24.489, 0.062
-34.686, -26.846, -19.547, -34.647, -26.796, -19.563, 0.065
-35.473, -26.040, -18.837, -35.421, -25.980, -18.870, 0.086
-35.355, 1.395, -13.683, -35.347, 1.390, -13.692, 0.013
-39.861, -6.475, -14.149, -39.913, -6.461, -14.114, 0.064
-8.217, -25.460, -37.338, -8.215, -25.461, -37.339, 0.002
11.185, -6.416, 49.319, 11.175, -6.340, 49.316, 0.076
-22.323, -5.065, -5.449, -22.301, -5.080, -5.480, 0.041
14.130, 14.163, 63.015, 14.127, 14.163, 63.105, 0.090
28.100, -7.676, 7.060, 28.109, -7.725, 7.077, 0.053
28.127, 8.303, -30.028, 28.124, 8.304, -30.021, 0.009
0.551, -3.388, 63.432, 0.551, -3.389, 63.409, 0.024
31.320, -3.400, -25.224, 31.381, -3.421, -25.281, 0.086
4.226, -7.654, -24.913, 4.230, -7.653, -24.918, 0.006
-11.751, 6.019, -38.700, -11.757, 6.011, -38.694, 0.011
5.202, -13.104, -22.407, 5.223, -13.115, -22.436, 0.038
-29.372, 9.012, -18.879, -29.359, 8.967, -18.906, 0.054
23.283, 24.413, -19.789, 23.264, 24.325, -19.772, 0.092
-3.282, -3.852, -33.291, -3.284, -3.852, -33.290, 0.002
-35.114, -13.156, -45.109, -35.172, -13.191, -45.180, 0.099
-18.604, -6.906, -2.345, -18.615, -6.910, -2.326, 0.023
37.186, 12.456, 6.765, 37.200, 12.463, 6.770, 0.016
17.298, -16.061, -14.489, 17.307, -16.025, -14.471, 0.041
8.806, 26.074, 5.813, 8.812, 26.061, 5.813, 0.014
-0.285, -6.182, 50.719, -0.259, -6.120, 50.718, 0.067
-5.050, -2.042, 62.431, -5.036, -2.036, 62.415, 0.022
1.862, 21.812, 34.530, 1.861, 21.789, 34.525, 0.024
-6.010, -0.321, 49.196, -5.853, -0.267, 49.192, 0.166
-2.394, 24.066, 28.239, -2.392, 24.079, 28.242, 0.014
-33.448, -28.294, -32.499, -33.389, -28.204, -32.463, 0.114
33.689, -7.128, -15.298, 33.638, -7.087, -15.280, 0.068
-28.729, -22.832, -9.177, -28.755, -22.887, -9.080, 0.115
-36.761, 4.552, -21.066, -36.731, 4.520, -21.080, 0.046
22.846, -6.388, -25.087, 22.831, -6.397, -25.115, 0.033
22.018, -5.570, 20.338, 22.007, -5.535, 20.334, 0.037
-19.238, 11.435, -33.415, -19.248, 11.362, -33.397, 0.076
-35.226, -27.157, -30.248, -35.199, -27.128, -30.243, 0.040
14.969, 24.832, 14.699, 14.962, 24.781, 14.688, 0.052
31.725, 1.414, -25.924, 31.745, 1.413, -25.937, 0.023
6.757, -7.278, 54.149, 6.754, -7.239, 54.150, 0.040
-28.280, -20.455, -45.576, -28.330, -20.530, -45.717, 0.168
-13.114, 17.443, 17.547, -13.115, 17.444, 17.546, 0.002
12.263, 15.355, 63.136, 12.262, 15.355, 63.093, 0.043
31.502, 15.269, -21.872, 31.436, 15.241, -21.829, 0.083
11.923, 17.062, -25.439, 11.888, 17.046, -25.445, 0.039
-25.635, 5.705, -40.983, -25.647, 5.738, -41.018, 0.050
7.513, -7.404, 60.717, 7.512, -7.353, 60.720, 0.051
-5.405, -1.080, 47.126, -5.544, -1.193, 47.173, 0.184
22.862, 1.247, -27.836, 22.889, 1.264, -27.800, 0.048
23.083, 3.906, 44.709, 23.012, 3.918, 44.693, 0.074
24.693, -4.216, 19.806, 24.741, -4.302, 19.830, 0.101
22.111, 5.104, 51.841, 22.176, 5.093, 51.851, 0.067
5.333, -16.789, -12.759, 5.360, -16.843, -12.760, 0.060
31.265, -9.068, -13.963, 31.352, -9.171, -13.951, 0.135
34.003, 16.443, -8.348, 34.091, 16.523, -8.337, 0.120
24.075, 6.268, 41.942, 23.907, 6.262, 41.917, 0.170
15.704, 25.659, -10.779, 15.727, 25.583, -10.767, 0.081
-6.135, -0.233, 44.372, -5.932, -0.160, 44.373, 0.215
-13.037, -7.223, 4.681, -13.009, -7.198, 4.656, 0.046
-16.239, 17.019, 22.651, -16.294, 17.045, 22.647, 0.061
-13.419, -13.756, -47.708, -13.444, -13.749, -47.665, 0.050
25.663, -12.340, -3.902, 25.651, -12.307, -3.927, 0.044
-16.996, 2.403, -6.048, -16.989, 2.393, -6.052, 0.012
15.595, 4.142, 63.053, 15.595, 4.142, 63.049, 0.004
-0.709, -16.470, -34.849, -0.645, -16.496, -34.871, 0.072
3.445, -17.518, -17.790, 3.474, -17.571, -17.801, 0.061
-13.113, 3.214, 8.433, -13.123, 3.217, 8.433, 0.011
-0.721, 21.576, 35.936, -0.715, 21.652, 35.954, 0.079
29.351, -6.198, -24.930, 29.354, -6.133, -24.867, 0.090
-2.727, -4.647, 47.537, -2.874, -4.830, 47.552, 0.235
13.074, -6.126, 30.070, 13.092, -6.318, 30.078, 0.193
-1.938, 23.000, 31.539, -1.897, 23.198, 31.591, 0.208
-12.618, 10.603, -23.887, -12.581, 10.692, -23.868, 0.098
-3.629, -17.609, -8.119, -3.616, -17.737, -8.062, 0.141
-2.109, 9.306, -10.278, -2.140, 9.408, -10.299, 0.109
-34.459, -8.117, -45.075, -34.465, -8.114, -45.083, 0.010
-3.873, -23.985, -19.640, -3.920, -23.937, -19.663, 0.071
-39.950, -19.875, -18.192, -39.974, -19.887, -18.181, 0.030
18.232, -5.406, 29.656, 18.236, -5.419, 29.656, 0.013
12.000, -16.035, -11.946, 12.000, -16.009, -11.935, 0.029
-32.985, -15.322, -45.462, -32.991, -15.331, -45.481, 0.022
16.162, -17.029, -11.866, 16.198, -16.859, -11.816, 0.181
34.175, -3.891, -20.233, 34.135, -3.885, -20.225, 0.041
-5.622, 0.737, 62.423, -5.713, 0.736, 62.414, 0.091
-8.773, -25.675, -37.798, -8.814, -25.623, -37.759, 0.077
-40.622, 0.679, -28.107, -40.707, 0.738, -28.110, 0.103
-3.160, 0.782, -28.272, -3.205, 0.753, -28.229, 0.069
27.132, 1.761, -30.158, 27.158, 1.800, -30.074, 0.096
-12.391, -27.564, -38.440, -12.400, -27.549, -38.428, 0.021
12.474, 19.097, -29.548, 12.411, 19.111, -29.595, 0.079
22.486, 7.283, 52.046, 22.334, 7.281, 52.023, 0.155
-16.032, -12.433, -2.942, -16.006, -12.398, -2.998, 0.072
-11.723, -27.003, -38.739, -11.744, -26.966, -38.713, 0.050
-16.468, 4.776, -11.076, -16.522, 4.925, -11.008, 0.172
21.189, 24.914, 7.067, 21.209, 24.961, 7.080, 0.053
19.251, -3.886, 39.134, 19.077, -3.657, 39.072, 0.294
-10.585, 8.059, -16.209, -10.589, 8.113, -16.206, 0.054
