200, PA4-H-Unknown-Output.txt
-7.028, 6.972, 59.535, -7.015, 6.971, 59.535, 0.013
10.204, 24.847, 15.296, 10.204, 24.860, 15.297, 0.014
11.045, 26.345, -0.064, 11.038, 26.355, -0.067, 0.013
0.185, -6.430, 58.087, 0.184, -6.433, 58.087, 0.004
3.816, 0.809, 63.372, 3.816, 0.809, 63.373, 0.002
23.965, 7.767, 41.071, 23.977, 7.768, 41.073, 0.012
32.554, -1.876, -24.428, 32.557, -1.876, -24.430, 0.004
-7.046, 4.866, 57.160, -7.034, 4.868, 57.161, 0.012
-8.744, -26.889, -35.697, -8.742, -26.892, -35.699, 0.004
20.085, 13.054, 60.743, 20.089, 13.056, 60.744, 0.005
-0.486, 13.793, -0.377, -0.487, 13.794, -0.378, 0.002
18.609, 25.694, 7.779, 18.613, 25.708, 7.783, 0.015
20.300, 3.819, -26.474, 20.300, 3.819, -26.474, 0.000
-18.445, -31.365, -34.580, -18.431, -31.351, -34.607, 0.033
-1.256, -20.098, -33.623, -1.257, -20.097, -33.623, 0.002
28.990, -10.876, -18.906, 28.983, -10.866, -18.903, 0.012
6.208, 25.000, 8.541, 6.206, 25.010, 8.542, 0.010
10.775, 6.570, 62.881, 10.775, 6.569, 62.889, 0.008
-30.752, 7.769, -17.424, -30.756, 7.775, -17.421, 0.008
-34.343, 1.147, -40.638, -34.340, 1.143, -40.633, 0.007
-39.281, -3.211, -37.873, -39.272, -3.214, -37.867, 0.011
10.937, -12.823, -18.621, 10.936, -12.820, -18.618, 0.004
13.613, -4.877, 62.242, 13.615, -4.881, 62.246, 0.006
18.506, -8.275, 11.327, 18.504, -8.266, 11.325, 0.009
26.089, 13.877, -28.560, 26.090, 13.878, -28.561, 0.002
38.309, -0.355, 6.417, 38.309, -0.356, 6.417, 0.000
-2.899, 8.870, -13.524, -2.900, 8.881, -13.526, 0.012
18.360, -12.154, 1.888, 18.359, -12.153, 1.888, 0.001
19.059, 25.495, -20.725, 19.057, 25.509, -20.725, 0.014
-15.488, 8.380, -16.515, -15.489, 8.384, -16.513, 0.004
-27.572, 5.914, -39.957, -27.571, 5.910, -39.954, 0.006
11.291, 4.025, -18.170, 11.292, 4.022, -18.167, 0.004
-18.645, -29.951, -37.330, -18.644, -29.954, -37.332, 0.004
-13.848, -4.729, 5.313, -13.845, -4.728, 5.311, 0.004
17.218, -14.911, -16.251, 17.222, -14.899, -16.242, 0.016
-5.004, -4.330, -40.568, -5.005, -4.330, -40.568, 0.001
10.331, 14.419, 63.135, 10.331, 14.419, 63.142, 0.006
-11.526, -30.297, -29.362, -11.527, -30.295, -29.362, 0.002
-3.255, -0.517, -29.292, -3.254, -0.517, -29.293, 0.001
26.440, 18.088, 16.954, 26.451, 18.097, 16.958, 0.015
33.992, -6.082, -16.640, 33.985, -6.076, -16.638, 0.009
29.619, 0.474, 18.698, 29.621, 0.473, 18.700, 0.003
-37.200, -21.000, -14.691, -37.200, -21.000, -14.691, 0.000
18.110, -11.879, 2.842, 18.107, -11.873, 2.839, 0.007
25.985, 22.725, -19.858, 25.986, 22.726, -19.858, 0.002
-7.524, -26.085, -17.844, -7.522, -26.087, -17.843, 0.003
-8.552, -20.346, -9.461, -8.550, -20.349, -9.457, 0.005
-8.425, 8.194, -23.627, -8.424, 8.196, -23.627, 0.002
-13.946, 11.488, 28.297, -13.944, 11.491, 28.296, 0.004
5.796, -16.215, -17.303, 5.791, -16.210, -17.301, 0.007
12.336, 17.715, -17.709, 12.333, 17.714, -17.709, 0.003
24.859, 8.555, 35.659, 24.863, 8.555, 35.660, 0.003
21.162, 3.018, 55.791, 21.177, 3.015, 55.793, 0.015
19.825, -8.973, 7.344, 19.823, -8.965, 7.342, 0.008
12.047, 20.913, -15.313, 12.034, 20.917, -15.314, 0.013
-27.845, 8.602, -35.712, -27.843, 8.598, -35.709, 0.005
25.088, 24.204, 0.858, 25.093, 24.214, 0.859, 0.012
-28.213, -25.290, -10.878, -28.213, -25.290, -10.878, 0.000
10.422, 23.522, 23.852, 10.423, 23.528, 23.853, 0.006
-25.317, -31.976, -21.496, -25.317, -31.976, -21.496, 0.000
-11.568, -3.274, 11.242, -11.566, -3.272, 11.241, 0.003
-14.825, -31.657, -24.323, -14.824, -31.661, -24.323, 0.005
-11.766, -4.585, 9.198, -11.766, -4.586, 9.199, 0.000
25.826, 3.929, -29.766, 25.825, 3.931, -29.760, 0.006
-33.661, -0.460, -42.444, -33.658, -0.463, -42.438, 0.007
-25.633, -32.341, -27.691, -25.632, -32.338, -27.691, 0.003
-1.158, 3.857, -23.584, -1.158, 3.855, -23.583, 0.003
-22.420, -11.637, -49.396, -22.418, -11.632, -49.385, 0.012
1.118, 19.870, 43.746, 1.118, 19.870, 43.746, 0.001
-7.945, 1.669, -39.339, -7.943, 1.670, -39.340, 0.003
-2.691, 19.610, 10.866, -2.689, 19.607, 10.868, 0.005
4.821, -7.404, 56.003, 4.821, -7.409, 56.003, 0.005
-5.563, -20.250, -39.799, -5.564, -20.249, -39.798, 0.001
32.468, 18.194, -4.948, 32.474, 18.199, -4.948, 0.008
20.296, -11.167, 1.845, 20.294, -11.164, 1.844, 0.004
16.539, -3.875, 55.917, 16.546, -3.882, 55.918, 0.010
-18.982, -5.635, -2.197, -18.981, -5.635, -2.199, 0.002
8.121, -6.687, 37.874, 8.121, -6.691, 37.874, 0.004
8.265, -15.774, -14.900, 8.262, -15.768, -14.898, 0.007
-31.594, 5.552, -15.175, -31.595, 5.554, -15.174, 0.003
21.252, 20.280, -27.546, 21.252, 20.281, -27.548, 0.001
-29.409, 6.744, -15.398, -29.409, 6.748, -15.393, 0.006
-38.470, -18.627, -14.558, -38.471, -18.627, -14.558, 0.001
32.234, 11.697, 13.370, 32.237, 11.699, 13.374, 0.006
-7.037, 10.923, 5.016, -7.028, 10.914, 5.019, 0.013
24.182, 0.146, 33.431, 24.184, 0.145, 33.431, 0.002
11.597, 23.154, 26.678, 11.597, 23.166, 26.679, 0.012
4.343, -7.042, 38.969, 4.344, -7.036, 38.969, 0.006
-38.038, -8.636, -41.929, -38.032, -8.637, -41.924, 0.008
21.234, -13.164, -19.103, 21.242, -13.149, -19.105, 0.017
4.496, -3.324, -23.827, 4.499, -3.323, -23.831, 0.005
-3.945, -14.384, -40.380, -3.942, -14.384, -40.383, 0.004
19.741, 11.121, 62.808, 20.197, 11.108, 62.562, 0.518
3.999, 0.052, 63.345, 3.999, 0.052, 63.347, 0.002
11.885, 22.449, 31.823, 11.886, 22.448, 31.823, 0.002
-7.870, 24.284, 21.278, -7.870, 24.285, 21.278, 0.001
-12.706, 4.851, 5.066, -12.700, 4.847, 5.066, 0.007
16.105, -5.476, 35.133, 16.106, -5.481, 35.133, 0.004
-36.018, -26.505, -22.765, -36.013, -26.499, -22.766, 0.008
11.672, 19.441, -17.142, 11.663, 19.445, -17.142, 0.009
-18.728, 7.312, -39.823, -18.728, 7.312, -39.822, 0.000
-25.279, -31.981, -21.511, -25.280, -31.987, -21.509, 0.006
-8.911, 2.985, 25.479, -8.909, 2.986, 25.478, 0.003
10.668, 21.710, 41.130, 10.666, 21.718, 41.132, 0.008
-14.577, 10.617, -30.554, -14.579, 10.612, -30.553, 0.005
-17.988, 1.343, -45.421, -17.988, 1.343, -45.421, 0.000
39.099, 1.766, -10.513, 39.099, 1.766, -10.513, 0.001
-4.141, 23.794, 18.917, -4.142, 23.795, 18.916, 0.002
22.595, 18.899, 26.261, 22.596, 18.900, 26.262, 0.001
-5.541, -1.120, 60.685, -5.522, -1.120, 60.687, 0.019
-6.127, -21.339, -39.373, -6.127, -21.338, -39.372, 0.001
28.877, 14.323, 17.103, 28.879, 14.325, 17.105, 0.004
10.843, -6.030, -22.023, 10.843, -6.028, -22.017, 0.006
-6.683, 23.863, 19.633, -6.682, 23.854, 19.636, 0.009
-10.608, 16.250, 37.396, -10.613, 16.247, 37.402, 0.008
-3.875, 10.404, -3.558, -3.877, 10.408, -3.559, 0.005
20.376, 15.355, 47.205, 20.384, 15.360, 47.207, 0.009
-15.149, -22.323, -9.163, -15.149, -22.324, -9.161, 0.002
-10.061, -25.255, -13.967, -10.060, -25.257, -13.966, 0.002
-7.487, 8.832, -0.688, -7.493, 8.840, -0.689, 0.010
-39.283, -2.704, -37.576, -39.276, -2.706, -37.573, 0.008
-15.351, 3.287, -5.079, -15.348, 3.284, -5.080, 0.004
-0.555, -4.519, -28.476, -0.555, -4.519, -28.476, 0.000
17.344, 20.688, 40.530, 17.345, 20.691, 40.531, 0.003
-2.512, 17.371, 8.457, -2.508, 17.367, 8.461, 0.006
12.117, 23.953, -10.200, 12.114, 23.958, -10.202, 0.006
31.332, 15.370, -21.910, 31.330, 15.370, -21.909, 0.002
10.715, 22.383, -10.159, 10.706, 22.391, -10.163, 0.012
20.112, 24.944, -23.526, 20.115, 24.948, -23.529, 0.005
-13.201, 11.228, 29.429, -13.202, 11.226, 29.429, 0.002
-12.752, -27.674, -38.527, -12.750, -27.677, -38.529, 0.004
-8.366, 7.408, 32.914, -8.366, 7.408, 32.913, 0.000
-4.519, 14.716, 7.924, -4.516, 14.712, 7.928, 0.006
18.626, -1.231, 59.005, 18.631, -1.236, 59.005, 0.007
14.171, 13.130, -22.921, 14.170, 13.129, -22.921, 0.002
28.044, 7.817, -29.996, 28.042, 7.818, -29.991, 0.005
-21.981, -10.439, -49.022, -21.984, -10.435, -49.013, 0.011
26.285, 4.529, 30.175, 26.227, 4.316, 30.337, 0.274
10.867, 23.274, 25.434, 10.867, 23.275, 25.434, 0.001
32.025, 15.450, -20.615, 32.015, 15.347, -20.854, 0.261
-27.294, -20.033, -7.145, -27.295, -20.033, -7.142, 0.003
-39.501, -22.790, -28.431, -39.489, -22.782, -28.428, 0.015
15.472, 25.859, -8.770, 15.470, 25.867, -8.772, 0.008
-25.498, -10.685, -48.629, -25.495, -10.683, -48.624, 0.006
-8.123, -8.696, 9.040, -8.121, -8.693, 9.038, 0.004
3.802, 24.036, 20.256, 3.802, 24.039, 20.256, 0.003
-4.881, 1.844, -29.764, -4.881, 1.844, -29.763, 0.000
-6.484, 11.770, 45.070, -6.481, 11.770, 45.070, 0.003
21.558, 18.934, 29.815, 21.560, 18.937, 29.817, 0.004
13.099, 23.678, 22.392, 13.099, 23.681, 22.392, 0.004
-10.320, 24.803, 24.532, -10.318, 24.795, 24.532, 0.008
-36.045, -20.366, -12.471, -36.049, -20.370, -12.465, 0.008
32.197, 2.406, -25.345, 32.194, 2.406, -25.343, 0.004
-4.404, -3.994, 39.008, -4.408, -3.997, 39.009, 0.005
28.149, 6.934, 24.157, 28.151, 6.934, 24.158, 0.003
-23.726, -32.713, -29.156, -23.725, -32.710, -29.156, 0.002
-35.832, -17.458, -10.486, -35.833, -17.459, -10.485, 0.002
-36.002, -26.806, -27.409, -36.002, -26.806, -27.409, 0.000
-14.121, 1.623, 4.785, -14.122, 1.624, 4.785, 0.001
-37.890, -24.263, -21.147, -37.885, -24.259, -21.149, 0.007
21.213, -10.759, 1.920, 21.210, -10.752, 1.915, 0.009
20.354, 3.608, -26.373, 20.356, 3.609, -26.371, 0.004
-8.020, 6.840, 33.849, -8.019, 6.840, 33.849, 0.001
37.741, 0.159, 8.342, 37.737, 0.160, 8.340, 0.005
-6.054, 12.626, 7.052, -6.055, 12.628, 7.051, 0.002
-25.798, -18.756, -46.918, -25.797, -18.755, -46.913, 0.005
-16.253, 5.499, -42.086, -16.257, 5.491, -42.076, 0.013
-6.342, -8.791, 12.946, -6.334, -8.780, 12.944, 0.013
-21.966, -10.181, -49.128, -21.967, -10.180, -49.127, 0.002
-23.616, -22.499, -7.876, -23.616, -22.502, -7.870, 0.007
6.836, -12.489, 6.928, 6.837, -12.477, 6.927, 0.012
-2.017, 18.583, 44.919, -2.174, 18.603, 44.808, 0.193
6.797, -14.018, -20.238, 6.791, -14.011, -20.233, 0.011
13.670, -6.982, 21.889, 13.669, -6.970, 21.887, 0.012
-15.770, 20.193, 26.478, -15.773, 20.194, 26.479, 0.003
-20.241, -4.018, -48.123, -20.238, -4.021, -48.115, 0.009
-5.523, -21.097, -38.871, -5.522, -21.097, -38.872, 0.000
3.087, 8.475, -15.248, 3.087, 8.483, -15.252, 0.009
27.226, 23.228, -1.842, 27.235, 23.238, -1.843, 0.013
34.132, -6.364, -15.194, 34.131, -6.363, -15.194, 0.002
-6.357, -25.404, -18.340, -6.354, -25.407, -18.338, 0.004
33.412, 2.880, 14.170, 33.416, 2.880, 14.173, 0.005
12.381, 17.891, -16.418, 12.381, 17.891, -16.418, 0.000
-24.751, 11.988, -26.705, -24.751, 11.989, -26.705, 0.001
-39.955, -15.532, -34.054, -39.948, -15.531, -34.054, 0.008
29.903, 15.091, 14.567, 29.911, 15.096, 14.573, 0.011
4.427, -7.426, 59.916, 4.428, -7.419, 59.916, 0.006
-31.973, -18.270, -8.515, -31.974, -18.271, -8.513, 0.002
-39.616, -16.978, -15.009, -39.616, -16.978, -15.009, 0.000
-8.137, -16.971, -5.992, -8.137, -16.973, -5.990, 0.002
34.737, 15.385, -12.683, 34.746, 15.392, -12.685, 0.011
0.399, 20.884, 8.655, 0.402, 20.881, 8.657, 0.005
-27.825, -26.404, -40.667, -27.825, -26.403, -40.666, 0.002
-33.241, -26.970, -35.758, -33.239, -26.966, -35.756, 0.005
-38.056, -3.268, -13.499, -38.056, -3.268, -13.499, 0.000
18.227, -8.092, -23.092, 18.231, -8.083, -23.084, 0.012
20.403, 17.594, -29.856, 20.401, 17.592, -29.852, 0.005
-6.143, -25.936, -19.668, -6.138, -25.942, -19.665, 0.008
21.772, -0.530, 41.675, 21.774, -0.531, 41.675, 0.002
20.925, 14.132, 49.397, 20.931, 14.136, 49.398, 0.008
