200, PA4-G-Unknown-Output.txt
16.758, -8.252, -21.946, 16.758, -8.252, -21.945, 0.000
-25.450, -15.755, -47.870, -25.450, -15.755, -47.868, 0.001
15.447, 17.871, 62.068, 15.448, 17.872, 62.071, 0.004
19.484, 6.937, -27.114, 19.488, 6.939, -27.111, 0.005
18.142, 19.927, 40.512, 18.143, 19.928, 40.513, 0.002
-6.860, 3.472, 37.338, -6.860, 3.472, 37.338, 0.001
2.391, -9.148, 21.454, 2.391, -9.147, 21.454, 0.001
-41.818, -1.152, -29.930, -41.812, -1.155, -29.928, 0.007
-22.888, 12.302, -27.422, -22.887, 12.296, -27.421, 0.005
3.875, 18.339, -0.615, 3.868, 18.344, -0.618, 0.009
0.681, -18.867, -24.938, 0.691, -18.870, -24.940, 0.010
-19.819, -4.184, -3.118, -19.814, -4.185, -3.122, 0.006
-4.474, 0.307, 63.187, -4.474, 0.307, 63.185, 0.002
29.455, -3.681, -26.081, 29.454, -3.681, -26.085, 0.004
-11.013, 8.329, -33.440, -11.013, 8.328, -33.439, 0.002
10.939, -15.612, -0.894, 10.939, -15.606, -0.895, 0.006
13.359, -5.766, 56.526, 13.357, -5.762, 56.526, 0.005
36.579, -2.931, 6.587, 36.582, -2.933, 6.587, 0.004
1.631, -17.312, -8.729, 1.631, -17.313, -8.728, 0.002
16.049, 23.099, -27.668, 16.050, 23.102, -27.670, 0.004
-17.506, -1.133, -0.539, -17.493, -1.137, -0.545, 0.014
14.417, 13.949, -28.469, 14.417, 13.949, -28.469, 0.000
-0.086, -10.317, 16.085, -0.086, -10.322, 16.087, 0.005
-13.241, 15.605, 34.653, -13.248, 15.600, 34.660, 0.011
-18.029, -30.170, -16.470, -18.029, -30.172, -16.469, 0.002
23.128, 15.356, -29.210, 23.126, 15.355, -29.207, 0.005
-6.085, 0.262, 45.968, -6.092, 0.260, 45.968, 0.007
39.499, 3.323, 4.537, 39.508, 3.322, 4.537, 0.009
-39.003, -20.812, -34.386, -39.000, -20.811, -34.385, 0.004
-37.938, -9.594, -10.650, -37.935, -9.594, -10.652, 0.004
5.705, -10.756, -23.110, 5.712, -10.759, -23.116, 0.010
-7.086, 5.501, 58.502, -7.080, 5.501, 58.502, 0.006
37.679, 11.969, -3.966, 37.688, 11.974, -3.967, 0.010
32.937, 5.823, 14.771, 32.938, 5.823, 14.772, 0.001
37.462, 11.995, 6.708, 37.462, 11.995, 6.708, 0.001
-5.183, -19.264, -10.012, -5.480, -19.346, -9.933, 0.318
28.860, 11.496, 19.628, 28.868, 11.500, 19.631, 0.010
30.215, 20.677, 4.316, 30.220, 20.683, 4.317, 0.008
8.827, 22.358, 31.757, 8.828, 22.356, 31.757, 0.003
24.787, -2.902, 24.133, 24.784, -2.899, 24.132, 0.004
-5.435, 18.766, 40.923, -5.433, 18.764, 40.921, 0.004
11.471, 7.294, 62.941, 11.471, 7.294, 62.942, 0.001
-6.685, 3.307, 49.106, -6.675, 3.309, 49.107, 0.011
-12.203, -23.261, -43.121, -12.200, -23.265, -43.125, 0.006
37.779, 8.662, -10.395, 37.785, 8.664, -10.398, 0.006
5.713, 23.185, 2.654, 5.710, 23.188, 2.653, 0.005
-9.642, 7.466, -33.574, -9.641, 7.467, -33.575, 0.002
14.401, 21.759, 42.714, 14.401, 21.760, 42.714, 0.001
14.151, 12.919, -15.081, 14.155, 12.919, -15.082, 0.004
15.632, 11.512, -22.995, 15.634, 11.515, -22.996, 0.003
-14.247, -27.917, -15.163, -14.247, -27.917, -15.163, 0.000
16.140, 9.546, -21.632, 16.137, 9.545, -21.633, 0.004
19.277, 19.584, -29.069, 19.281, 19.588, -29.075, 0.008
-43.709, -5.646, -24.412, -43.708, -5.646, -24.412, 0.001
-41.753, -14.596, -17.966, -41.746, -14.594, -17.970, 0.008
-0.715, -6.213, 62.313, -0.720, -6.222, 62.317, 0.010
27.745, 17.201, 15.562, 27.750, 17.204, 15.566, 0.007
-13.687, 6.932, -13.494, -13.687, 6.931, -13.494, 0.002
-10.636, -29.352, -31.784, -10.636, -29.350, -31.784, 0.002
-34.918, -9.998, -7.932, -34.918, -9.998, -7.932, 0.000
12.683, 17.515, -14.752, 12.682, 17.514, -14.753, 0.002
20.165, 19.716, 31.152, 20.171, 19.723, 31.152, 0.009
-28.028, -31.104, -31.995, -28.028, -31.104, -31.995, 0.000
35.592, -3.566, -7.617, 35.588, -3.561, -7.617, 0.007
-6.399, 3.349, -32.271, -6.403, 3.348, -32.271, 0.004
1.794, 0.744, 63.449, 1.794, 0.744, 63.449, 0.000
30.582, 20.449, -6.913, 30.589, 20.458, -6.913, 0.012
-27.518, -31.428, -21.439, -27.514, -31.421, -21.441, 0.009
31.543, 13.942, -22.940, 31.547, 13.945, -22.943, 0.006
-2.661, 18.580, 44.218, -2.663, 18.584, 44.219, 0.005
-6.863, -14.916, -2.846, -6.863, -14.915, -2.846, 0.001
21.777, 1.799, 48.865, 21.771, 1.801, 48.864, 0.006
-4.402, 11.846, 1.903, -4.402, 11.846, 1.903, 0.000
7.818, 22.217, -4.597, 7.815, 22.219, -4.598, 0.004
22.617, 13.872, 39.866, 22.619, 13.873, 39.866, 0.002
-18.905, -26.929, -11.657, -18.905, -26.930, -11.655, 0.002
-37.993, -24.815, -25.093, -37.991, -24.813, -25.093, 0.003
33.798, 1.334, -22.989, 33.799, 1.334, -22.990, 0.001
0.129, -10.446, -29.883, 0.133, -10.445, -29.886, 0.005
-38.950, -8.322, -12.051, -38.942, -8.323, -12.057, 0.010
-15.547, 2.300, -0.261, -15.550, 2.302, -0.260, 0.004
24.263, 23.784, -19.732, 24.269, 23.794, -19.735, 0.011
1.742, -7.107, 55.046, 1.741, -7.121, 55.045, 0.014
-30.896, -30.371, -24.784, -30.893, -30.365, -24.785, 0.007
16.962, 21.923, -28.751, 16.963, 21.926, -28.753, 0.004
-12.831, 8.939, -34.031, -12.831, 8.939, -34.031, 0.000
40.071, 3.627, -1.140, 40.069, 3.627, -1.140, 0.002
17.818, 25.492, -14.132, 17.817, 25.496, -14.132, 0.004
3.102, -3.250, -24.550, 3.104, -3.248, -24.553, 0.004
-2.896, 15.809, 49.479, -2.894, 15.806, 49.479, 0.004
-31.798, -26.345, -38.173, -31.800, -26.347, -38.174, 0.004
29.569, -1.659, 17.498, 29.569, -1.660, 17.498, 0.000
12.909, 24.966, -9.039, 12.906, 24.972, -9.042, 0.007
-11.165, -19.136, -44.818, -11.160, -19.140, -44.816, 0.007
-39.480, -22.125, -30.592, -39.474, -22.121, -30.591, 0.007
4.288, -15.410, -21.609, 4.291, -15.413, -21.613, 0.006
2.267, -13.609, -26.061, 2.272, -13.610, -26.065, 0.007
0.708, 6.172, -19.445, 0.710, 6.175, -19.448, 0.005
-11.880, -26.604, -39.322, -11.880, -26.604, -39.322, 0.000
7.663, 20.855, -5.884, 7.661, 20.856, -5.885, 0.002
-6.753, 13.929, 9.854, -6.752, 13.928, 9.855, 0.002
36.931, 12.556, -7.835, 36.938, 12.558, -7.836, 0.007
21.777, -5.085, 22.677, 21.779, -5.089, 22.678, 0.005
-0.727, 21.688, 35.787, -0.727, 21.691, 35.788, 0.003
-6.900, 5.694, -27.606, -6.901, 5.694, -27.606, 0.001
-35.375, -18.423, -10.620, -35.376, -18.424, -10.619, 0.002
8.120, 22.889, 28.518, 8.120, 22.883, 28.516, 0.006
4.947, -16.913, -11.026, 4.950, -16.919, -11.026, 0.006
-23.776, -7.924, -48.971, -23.776, -7.925, -48.969, 0.003
6.420, 21.056, -2.816, 6.418, 21.058, -2.817, 0.003
-5.832, 23.459, 33.251, -5.832, 23.458, 33.250, 0.001
-34.055, -21.014, -11.280, -34.053, -21.012, -11.282, 0.004
18.541, 16.734, 52.788, 18.547, 16.739, 52.789, 0.007
18.618, -1.116, 59.771, 18.623, -1.119, 59.772, 0.006
29.427, -9.255, 0.436, 29.425, -9.251, 0.435, 0.004
-34.729, -26.556, -18.957, -34.727, -26.552, -18.958, 0.004
25.625, -2.599, 23.133, 25.621, -2.595, 23.131, 0.006
-7.667, -27.172, -33.363, -7.657, -27.181, -33.367, 0.014
-37.929, -23.975, -31.670, -37.929, -23.975, -31.670, 0.000
-25.762, -20.115, -46.509, -25.763, -20.117, -46.513, 0.004
27.031, 20.146, -22.636, 27.032, 20.147, -22.637, 0.002
-10.157, -29.322, -22.466, -10.151, -29.332, -22.463, 0.012
-13.903, 6.373, -11.725, -13.904, 6.375, -11.724, 0.002
-1.399, 0.809, -25.884, -1.399, 0.810, -25.884, 0.001
6.014, -7.814, 24.353, 6.018, -7.825, 24.355, 0.012
-15.108, 20.242, 22.178, -15.105, 20.240, 22.179, 0.004
38.353, 11.031, -0.710, 38.361, 11.035, -0.710, 0.008
23.928, -14.636, -16.075, 23.928, -14.635, -16.075, 0.002
-14.189, -31.577, -26.254, -14.188, -31.579, -26.254, 0.003
17.156, 22.959, 22.853, 17.158, 22.966, 22.853, 0.007
12.298, -7.434, -21.745, 12.298, -7.434, -21.743, 0.002
12.306, 16.510, -26.395, 12.310, 16.512, -26.394, 0.004
26.811, -11.809, -7.065, 26.808, -11.806, -7.065, 0.004
29.486, 20.933, -17.283, 29.492, 20.938, -17.285, 0.009
-37.481, -12.260, -10.742, -37.325, -12.905, -10.840, 0.670
23.833, 7.132, 42.199, 23.833, 7.132, 42.199, 0.000
31.110, 19.902, -0.573, 31.119, 19.908, -0.573, 0.011
18.555, 23.377, 17.828, 18.555, 23.377, 17.828, 0.001
19.699, 26.473, 0.129, 19.702, 26.482, 0.130, 0.010
11.133, -11.365, 7.881, 11.133, -11.365, 7.880, 0.000
-3.470, -4.238, 48.699, -3.480, -4.250, 48.700, 0.015
15.395, -12.107, -18.590, 15.395, -12.105, -18.587, 0.004
-19.294, 10.375, -19.601, -19.294, 10.376, -19.599, 0.002
-29.525, -14.661, -47.153, -29.525, -14.661, -47.154, 0.001
12.280, 23.200, 26.466, 12.280, 23.197, 26.466, 0.003
25.393, -12.771, -5.029, 25.393, -12.772, -5.029, 0.001
-0.655, 17.478, 52.722, -0.652, 17.474, 52.722, 0.005
11.742, 14.284, -11.440, 11.742, 14.284, -11.440, 0.001
-9.952, 7.057, -4.931, -9.953, 7.058, -4.931, 0.001
19.139, -8.894, 8.292, 19.138, -8.890, 8.291, 0.005
-12.436, 4.810, 8.381, -12.426, 4.802, 8.381, 0.013
37.365, 8.862, -11.308, 37.369, 8.862, -11.310, 0.004
-18.300, -30.400, -16.653, -18.299, -30.404, -16.650, 0.004
-11.609, -1.854, 12.293, -11.601, -1.851, 12.289, 0.009
37.670, 7.157, -11.685, 37.675, 7.159, -11.687, 0.006
22.124, 13.954, -30.055, 22.125, 13.955, -30.056, 0.001
-2.607, -22.327, -18.154, -2.599, -22.335, -18.151, 0.011
-22.756, 11.648, -31.466, -22.755, 11.642, -31.465, 0.006
15.220, 14.399, -29.635, 15.221, 14.401, -29.631, 0.005
28.441, 22.135, -3.283, 28.444, 22.138, -3.283, 0.004
25.552, -12.847, -5.743, 25.550, -12.842, -5.744, 0.005
20.560, -14.861, -3.924, 20.559, -14.861, -3.925, 0.001
-9.745, -23.710, -40.957, -9.740, -23.715, -40.962, 0.009
-7.126, 1.836, 33.578, -7.118, 1.836, 33.578, 0.007
-34.076, -24.756, -15.210, -34.073, -24.753, -15.212, 0.004
35.860, 14.855, 2.500, 35.864, 14.858, 2.500, 0.005
33.942, 15.990, 7.249, 33.945, 15.994, 7.251, 0.005
19.638, 0.224, 58.896, 19.640, 0.223, 58.897, 0.002
-38.416, -16.736, -13.195, -38.411, -16.734, -13.198, 0.006
-22.268, -12.700, -47.987, -22.268, -12.698, -47.987, 0.002
-17.795, 4.318, -42.851, -17.795, 4.316, -42.849, 0.003
-0.669, -4.760, 63.463, -0.669, -4.761, 63.459, 0.004
2.645, -7.545, 30.281, 2.646, -7.562, 30.282, 0.016
12.687, -16.903, -8.833, 12.691, -16.894, -8.830, 0.011
-6.708, 5.064, -29.305, -6.703, 5.069, -29.308, 0.007
21.243, 20.763, 24.635, 21.246, 20.767, 24.635, 0.005
-24.678, 11.425, -22.318, -24.675, 11.415, -22.318, 0.010
9.855, -5.349, 63.384, 9.855, -5.349, 63.383, 0.001
-15.368, 10.665, -32.197, -15.368, 10.664, -32.197, 0.000
8.439, 12.206, -10.201, 8.438, 12.210, -10.205, 0.006
-31.307, 6.947, -35.571, -31.306, 6.945, -35.569, 0.003
-9.846, 8.245, 6.022, -9.849, 8.248, 6.020, 0.004
-9.260, 5.374, 26.549, -9.259, 5.374, 26.548, 0.001
-2.155, -1.864, 63.433, -2.155, -1.864, 63.431, 0.002
-39.878, -16.234, -33.181, -39.871, -16.234, -33.177, 0.007
-9.493, 25.047, 25.526, -9.493, 25.048, 25.526, 0.001
5.386, -12.989, -22.351, 5.391, -12.991, -22.358, 0.008
-34.890, -27.108, -32.060, -34.891, -27.109, -32.060, 0.002
-19.222, -19.031, -47.287, -19.221, -19.033, -47.292, 0.005
22.054, -13.261, -20.398, 22.054, -13.261, -20.398, 0.000
21.136, 25.448, -12.568, 21.139, 25.462, -12.569, 0.014
-12.300, 5.393, 5.056, -12.305, 5.397, 5.057, 0.006
16.240, 24.244, -25.673, 16.239, 24.247, -25.673, 0.003
22.694, 24.994, -11.407, 22.697, 25.002, -11.406, 0.008
10.454, -6.490, 44.834, 10.455, -6.492, 44.834, 0.002
13.153, -9.458, 11.696, 13.153, -9.456, 11.695, 0.003
39.569, 2.643, 0.802, 39.572, 2.641, 0.803, 0.004
12.935, -7.821, 16.714, 12.932, -7.809, 16.711, 0.012
-38.963, -12.225, -40.582, -38.958, -12.224, -40.579, 0.006
38.683, 1.343, 7.077, 38.680, 1.343, 7.076, 0.003
