200, PA4-E-Debug-Output.txt
-30.545, 9.498, -21.331, -30.508, 9.403, -21.356, 0.104
-3.496, -23.271, -32.862, -3.481, -23.290, -32.865, 0.024
-8.077, 8.181, -12.992, -8.077, 8.172, -12.992, 0.010
-5.959, -24.944, -34.511, -5.961, -24.941, -34.510, 0.004
-32.469, -7.407, -8.233, -32.460, -7.418, -8.259, 0.030
27.304, 5.189, 27.114, 27.260, 5.193, 27.100, 0.046
-11.387, -3.071, 11.531, -11.493, -3.143, 11.581, 0.138
9.902, 25.220, 14.024, 9.891, 25.155, 14.011, 0.068
-29.010, -21.289, -8.054, -29.025, -21.302, -8.024, 0.036
-9.021, 2.611, 24.578, -9.062, 2.602, 24.589, 0.044
-29.667, 7.437, -36.074, -29.688, 7.492, -36.094, 0.062
-22.575, 9.477, -17.996, -22.577, 9.421, -18.074, 0.096
20.558, -0.348, 49.727, 20.628, -0.383, 49.738, 0.079
0.813, -8.110, -28.051, 0.845, -8.103, -28.072, 0.039
37.246, -2.014, 4.140, 37.216, -1.991, 4.142, 0.037
-22.785, -17.627, -6.295, -22.785, -17.630, -6.273, 0.022
33.471, 8.846, -23.470, 33.436, 8.845, -23.454, 0.039
-38.413, -22.414, -18.194, -38.358, -22.369, -18.220, 0.076
-25.578, -1.444, -46.813, -25.588, -1.432, -46.841, 0.032
15.759, -6.475, 21.237, 15.796, -6.730, 21.267, 0.259
-19.960, -13.192, -4.836, -19.963, -13.200, -4.822, 0.016
18.588, -1.533, 58.268, 18.526, -1.478, 58.259, 0.083
-25.701, -0.462, -46.193, -25.715, -0.442, -46.224, 0.039
4.407, 12.485, 63.212, 4.407, 12.484, 63.189, 0.022
38.200, -0.290, 2.636, 38.199, -0.289, 2.636, 0.001
34.000, -3.839, 10.396, 33.996, -3.836, 10.393, 0.006
-5.827, -0.383, 40.516, -6.025, -0.437, 40.523, 0.205
-6.814, 19.506, 14.063, -6.883, 19.617, 13.949, 0.173
-6.386, 20.908, 14.604, -6.310, 20.788, 14.737, 0.195
35.604, 11.649, -14.652, 35.598, 11.648, -14.649, 0.007
6.266, 17.819, 62.806, 6.280, 17.902, 62.875, 0.109
11.867, 21.765, 45.580, 11.907, 21.627, 45.564, 0.144
-37.691, -11.418, -42.593, -37.621, -11.423, -42.548, 0.084
-11.150, 21.978, 18.625, -11.121, 21.938, 18.669, 0.066
5.363, -8.367, 22.692, 5.338, -8.275, 22.679, 0.096
-25.784, -29.628, -37.080, -25.764, -29.551, -37.046, 0.087
5.879, 23.811, 3.927, 5.933, 23.743, 3.946, 0.090
-10.727, -14.682, -46.275, -10.710, -14.694, -46.303, 0.035
-5.635, -22.641, -37.232, -5.560, -22.699, -37.284, 0.108
9.689, -15.176, -13.880, 9.715, -15.375, -13.934, 0.209
13.930, 6.717, 62.988, 13.928, 6.715, 63.017, 0.028
-35.031, 3.927, -15.984, -35.100, 3.983, -15.871, 0.143
14.068, -6.876, 21.588, 14.078, -6.944, 21.596, 0.069
33.275, -6.025, -3.658, 33.167, -5.949, -3.662, 0.132
7.902, 20.485, 45.763, 7.878, 20.628, 45.773, 0.145
20.048, 25.438, 6.925, 20.061, 25.470, 6.933, 0.035
-14.580, -24.755, -42.610, -14.588, -24.724, -42.573, 0.049
21.307, 15.944, 39.833, 21.388, 15.994, 39.842, 0.096
-24.557, 0.758, -45.817, -24.556, 0.752, -45.812, 0.008
36.873, -1.569, -2.305, 36.922, -1.617, -2.299, 0.068
39.864, 7.640, -3.680, 39.824, 7.624, -3.671, 0.045
-8.928, 9.224, 5.494, -8.885, 9.188, 5.510, 0.058
-24.408, -7.992, -6.065, -24.400, -7.994, -6.090, 0.026
-13.956, 5.234, -8.278, -13.954, 5.230, -8.279, 0.004
2.844, 18.562, 2.148, 2.872, 18.544, 2.159, 0.036
-9.473, -4.426, 14.286, -9.529, -4.455, 14.299, 0.065
-25.043, -0.061, -11.351, -25.033, -0.080, -11.372, 0.031
-6.767, 1.410, 36.304, -6.753, 1.411, 36.302, 0.014
28.376, -7.766, 7.043, 28.363, -7.696, 7.019, 0.076
18.431, -12.722, -18.703, 18.428, -12.730, -18.713, 0.013
21.636, 8.791, 56.401, 21.748, 8.798, 56.414, 0.113
36.173, -3.431, -9.837, 36.101, -3.364, -9.863, 0.101
13.613, -10.803, -20.152, 13.605, -10.636, -19.994, 0.230
-4.550, -4.456, 37.736, -4.461, -4.364, 37.719, 0.130
-39.384, -14.657, -13.740, -39.358, -14.653, -13.758, 0.032
9.899, 22.742, 29.922, 9.899, 22.626, 29.900, 0.118
-3.257, -14.478, -39.673, -3.289, -14.479, -39.639, 0.047
-1.520, -5.511, 50.525, -1.519, -5.510, 50.525, 0.002
34.366, -3.154, 10.569, 34.379, -3.165, 10.582, 0.022
-7.817, -10.671, 4.654, -7.800, -10.633, 4.633, 0.046
-26.112, -28.686, -14.473, -26.132, -28.762, -14.442, 0.085
0.515, 10.844, -7.954, 0.522, 10.826, -7.945, 0.021
20.041, 0.390, -24.423, 20.049, 0.393, -24.416, 0.011
-5.001, -2.374, 62.248, -5.017, -2.385, 62.247, 0.020
1.300, -3.890, -26.178, 1.288, -3.894, -26.162, 0.020
-43.115, -9.674, -20.157, -43.088, -9.672, -20.164, 0.029
25.485, 16.099, -27.663, 25.480, 16.092, -27.650, 0.015
-40.316, -1.227, -17.586, -40.321, -1.225, -17.581, 0.007
3.489, 18.983, 56.276, 3.528, 18.858, 56.269, 0.130
25.413, 5.935, 34.094, 25.417, 5.935, 34.095, 0.004
-7.074, 6.793, 50.155, -6.999, 6.778, 50.155, 0.077
14.684, -17.397, -9.402, 14.710, -17.272, -9.366, 0.133
28.691, 0.684, 21.098, 28.593, 0.722, 21.055, 0.113
-38.836, -21.166, -17.465, -38.830, -21.162, -17.468, 0.008
23.819, 4.468, -29.878, 23.794, 4.439, -29.969, 0.099
-8.918, 7.581, 30.811, -8.930, 7.572, 30.814, 0.015
-14.050, 10.810, -21.656, -13.465, 10.606, -21.669, 0.619
-34.093, -5.168, -44.313, -34.095, -5.166, -44.317, 0.004
-1.051, -10.285, 16.205, -1.050, -10.265, 16.201, 0.020
9.873, 8.390, 63.034, 9.873, 8.388, 63.047, 0.013
-11.960, 9.625, 16.659, -11.845, 9.649, 16.675, 0.118
-29.876, -29.403, -18.472, -29.874, -29.396, -18.476, 0.008
8.111, -6.935, 30.182, 8.108, -6.915, 30.181, 0.021
-22.253, 8.838, -37.548, -22.253, 8.873, -37.578, 0.047
-43.084, -16.112, -26.270, -43.095, -16.115, -26.270, 0.010
9.150, 21.863, -7.347, 9.089, 21.917, -7.378, 0.087
-36.029, -19.707, -11.890, -36.002, -19.675, -11.934, 0.060
18.857, 21.649, 28.309, 18.838, 21.615, 28.306, 0.039
3.887, -7.290, 32.517, 3.887, -7.292, 32.517, 0.002
31.216, 16.985, -20.061, 31.255, 17.010, -20.073, 0.048
-10.129, -18.523, -7.775, -10.130, -18.617, -7.668, 0.142
-5.612, -1.175, 48.860, -5.557, -1.157, 48.858, 0.058
13.583, 21.997, 37.467, 13.613, 22.117, 37.461, 0.124
20.306, 11.421, -30.702, 20.324, 11.413, -30.706, 0.020
13.517, 27.124, 4.483, 13.517, 27.121, 4.483, 0.003
-3.366, -4.986, 43.565, -3.329, -4.942, 43.558, 0.058
-42.572, -9.921, -18.440, -42.588, -9.922, -18.434, 0.017
-9.502, 7.126, 26.824, -9.854, 6.978, 26.902, 0.390
33.965, -4.736, -20.608, 33.857, -4.663, -20.577, 0.134
7.406, 25.434, 6.033, 7.387, 25.481, 6.032, 0.050
-19.318, -24.510, -9.539, -19.304, -24.543, -9.473, 0.075
26.224, -9.782, 1.195, 26.228, -9.908, 1.238, 0.133
34.569, 15.122, 7.672, 34.539, 15.095, 7.658, 0.043
-6.270, -8.354, 15.066, -6.287, -8.376, 15.070, 0.028
-5.521, -1.545, 56.476, -5.426, -1.512, 56.475, 0.100
-34.943, 1.289, -40.079, -34.927, 1.271, -40.059, 0.031
2.939, 23.310, 28.097, 2.927, 23.231, 28.086, 0.081
35.070, 7.494, -19.907, 35.229, 7.513, -19.965, 0.170
-19.314, -24.916, -43.707, -19.314, -24.914, -43.705, 0.002
-30.098, -30.872, -24.747, -30.057, -30.790, -24.756, 0.092
-41.818, -1.056, -27.325, -41.906, -1.002, -27.330, 0.103
2.422, -7.958, 27.207, 2.433, -8.013, 27.220, 0.057
31.260, 13.372, -24.382, 31.126, 13.278, -24.286, 0.189
-0.237, -6.896, -29.081, -0.184, -6.881, -29.125, 0.071
13.613, -5.803, 55.659, 13.559, -5.707, 55.653, 0.110
-3.926, -2.310, -35.210, -3.893, -2.299, -35.209, 0.034
15.610, 19.530, -30.827, 15.628, 19.557, -30.867, 0.052
6.821, -8.268, 19.394, 6.867, -8.428, 19.443, 0.173
24.796, 16.420, -27.715, 24.816, 16.444, -27.761, 0.056
-15.180, -17.301, -47.164, -15.180, -17.301, -47.163, 0.001
0.692, -6.961, 35.668, 0.698, -7.037, 35.680, 0.078
32.256, 8.323, -25.809, 32.297, 8.327, -25.840, 0.052
-22.117, 2.351, -11.666, -22.138, 2.389, -11.637, 0.052
-36.898, -11.528, -43.390, -36.977, -11.523, -43.452, 0.101
-8.233, 25.018, 24.281, -8.233, 25.021, 24.281, 0.003
8.105, -10.632, -21.959, 8.131, -10.649, -22.005, 0.055
12.069, -6.511, 60.026, 11.978, -6.283, 60.026, 0.246
16.562, 22.495, 28.436, 16.553, 22.431, 28.425, 0.066
7.912, 22.213, 32.497, 7.913, 22.196, 32.494, 0.016
17.703, -12.964, -18.447, 17.727, -12.899, -18.366, 0.106
19.840, -8.438, -23.004, 19.837, -8.460, -23.028, 0.033
-1.491, -13.452, -0.072, -1.488, -13.484, -0.058, 0.035
9.610, 21.238, 52.812, 9.607, 21.065, 52.789, 0.175
-14.484, 17.460, 33.259, -14.534, 17.471, 33.289, 0.059
35.344, -4.617, -15.722, 35.273, -4.574, -15.721, 0.083
-4.698, 12.279, 61.366, -4.777, 12.334, 61.376, 0.097
28.148, 18.575, -22.855, 28.177, 18.598, -22.882, 0.046
-26.796, -32.145, -26.286, -26.803, -32.182, -26.288, 0.037
-12.278, 2.464, 12.116, -12.246, 2.467, 12.111, 0.033
27.084, 21.079, -21.409, 27.157, 21.160, -21.488, 0.135
39.955, 4.461, 1.351, 39.797, 4.478, 1.342, 0.159
14.057, 22.026, 34.779, 14.059, 22.172, 34.825, 0.153
3.932, 14.119, -5.782, 3.971, 14.070, -5.736, 0.078
-3.624, 2.275, 63.133, -3.624, 2.275, 63.137, 0.004
20.950, 19.009, -28.471, 20.963, 19.026, -28.493, 0.031
-9.613, 2.408, 21.621, -9.703, 2.391, 21.638, 0.093
-18.268, -3.919, -47.467, -18.268, -3.919, -47.475, 0.008
16.668, 19.299, 48.260, 16.674, 19.305, 48.260, 0.008
24.580, 5.584, 37.524, 24.606, 5.580, 37.529, 0.026
14.736, -17.487, -8.510, 14.731, -17.511, -8.513, 0.025
-40.259, -8.033, -34.649, -40.263, -8.033, -34.649, 0.003
-13.370, 18.067, 34.816, -13.310, 18.050, 34.764, 0.082
-19.713, -31.682, -17.590, -19.735, -31.633, -17.611, 0.058
-6.069, 14.175, 9.274, -6.099, 14.198, 9.257, 0.041
-24.947, -11.414, -48.561, -24.965, -11.428, -48.595, 0.041
30.229, 19.971, -18.099, 30.182, 19.943, -18.086, 0.056
1.925, 16.845, 1.752, 1.853, 16.899, 1.716, 0.097
-24.754, -12.252, -48.503, -24.758, -12.253, -48.534, 0.031
30.260, -10.747, -14.459, 30.187, -10.664, -14.483, 0.113
2.409, 21.541, 35.144, 2.413, 21.615, 35.161, 0.077
-3.775, -4.967, 38.127, -3.768, -4.960, 38.126, 0.010
-14.376, -5.814, 4.042, -14.333, -5.799, 4.011, 0.055
-21.300, -22.754, -8.243, -21.293, -22.791, -8.184, 0.069
24.420, 16.475, 25.205, 24.541, 16.537, 25.247, 0.142
-21.871, -5.609, -5.011, -21.911, -5.583, -4.956, 0.073
-8.017, -5.888, -44.333, -7.961, -5.849, -44.400, 0.095
-16.533, 6.237, -13.158, -16.535, 6.242, -13.153, 0.007
18.278, 26.592, -4.421, 18.282, 26.624, -4.425, 0.032
18.989, -6.217, 19.546, 19.016, -6.370, 19.561, 0.156
20.052, 0.951, 59.819, 19.933, 1.009, 59.803, 0.132
11.048, -11.546, -19.848, 11.060, -11.574, -19.878, 0.042
11.714, 25.410, 13.455, 11.728, 25.273, 13.422, 0.141
30.204, 0.046, -27.481, 30.216, 0.037, -27.497, 0.022
-6.814, 9.246, -1.945, -6.765, 9.178, -1.935, 0.084
34.685, 15.351, 6.682, 34.737, 15.396, 6.708, 0.074
-30.270, 9.934, -24.110, -30.288, 9.978, -24.109, 0.048
-30.137, 9.822, -29.348, -30.131, 9.805, -29.345, 0.018
-30.619, 5.592, -39.077, -30.621, 5.597, -39.080, 0.007
-18.922, -29.393, -38.165, -18.904, -29.471, -38.216, 0.095
-38.872, -21.283, -33.886, -38.913, -21.307, -33.903, 0.051
-16.720, 1.544, -2.118, -16.757, 1.575, -2.109, 0.049
-4.548, -3.711, 39.148, -4.573, -3.730, 39.156, 0.032
7.353, 24.309, 17.831, 7.345, 24.413, 17.845, 0.105
8.387, 20.802, 45.244, 8.395, 20.753, 45.241, 0.049
-18.298, 4.743, -11.989, -18.300, 4.749, -11.986, 0.006
-31.124, 5.777, -37.989, -31.166, 5.859, -38.026, 0.099
-2.811, -2.498, -30.095, -2.778, -2.480, -30.117, 0.044
37.360, 12.567, 1.930, 37.390, 12.588, 1.929, 0.037
-3.614, 11.759, -0.809, -3.529, 11.637, -0.773, 0.153
-39.889, 1.854, -28.762, -39.901, 1.863, -28.762, 0.015
