200, PA4-B-Debug-Output.txt
-30.571, -10.775, -47.172, -30.573, -10.776, -47.176, 0.005
3.224, 8.756, 63.401, 3.224, 8.755, 63.390, 0.010
-40.628, -7.238, -14.847, -40.630, -7.238, -14.846, 0.002
-10.861, 8.412, -32.682, -10.862, 8.408, -32.682, 0.004
38.588, 10.670, 0.952, 38.592, 10.672, 0.952, 0.004
-25.077, -13.282, -6.082, -25.077, -13.280, -6.086, 0.004
-15.325, -27.817, -39.415, -15.325, -27.819, -39.416, 0.002
-18.813, -8.377, -2.703, -18.810, -8.376, -2.707, 0.005
38.452, 0.421, -12.167, 38.459, 0.421, -12.170, 0.008
-5.474, 13.851, 7.978, -5.478, 13.855, 7.974, 0.007
31.265, 16.790, -20.485, 31.265, 16.790, -20.485, 0.000
15.644, 0.722, -21.611, 15.639, 0.723, -21.623, 0.013
-15.420, -13.827, -3.800, -15.419, -13.824, -3.803, 0.004
34.217, 7.595, -21.845, 34.217, 7.595, -21.845, 0.000
-2.213, -10.106, 16.566, -2.212, -10.103, 16.566, 0.003
-6.276, 7.636, 62.125, -6.268, 7.633, 62.117, 0.012
-32.129, -7.707, -8.008, -32.127, -7.710, -8.013, 0.006
-2.269, 12.024, -1.779, -2.270, 12.025, -1.779, 0.002
-28.880, -2.518, -45.934, -28.883, -2.514, -45.941, 0.008
18.217, -10.657, 5.260, 18.216, -10.655, 5.259, 0.002
17.755, 18.366, 47.849, 17.755, 18.366, 47.849, 0.001
17.885, 27.062, -2.078, 17.886, 27.063, -2.078, 0.002
-25.920, -31.408, -19.982, -25.919, -31.406, -19.982, 0.002
3.734, -13.195, 1.258, 3.734, -13.195, 1.258, 0.000
-30.541, 6.166, -38.035, -30.543, 6.170, -38.037, 0.005
-4.997, -8.959, -42.271, -4.995, -8.958, -42.272, 0.002
-12.652, -28.097, -37.711, -12.651, -28.101, -37.713, 0.004
18.810, 21.902, 26.242, 18.810, 21.902, 26.242, 0.001
15.111, 3.806, 63.049, 15.111, 3.807, 63.039, 0.010
-7.420, -22.030, -11.901, -7.423, -22.023, -11.905, 0.009
0.994, 23.774, 25.480, 0.994, 23.770, 25.479, 0.004
-34.124, -13.270, -45.875, -34.126, -13.271, -45.880, 0.005
36.902, 13.443, 3.742, 36.899, 13.442, 3.742, 0.003
-29.558, -5.718, -8.618, -29.558, -5.721, -8.623, 0.006
-25.983, 11.056, -29.978, -25.983, 11.055, -29.977, 0.001
7.446, -14.908, -1.568, 7.447, -14.906, -1.569, 0.002
20.128, 17.049, -30.358, 20.132, 17.054, -30.365, 0.009
-21.719, -10.729, -4.224, -21.715, -10.727, -4.230, 0.008
-22.259, -12.164, -4.816, -22.258, -12.161, -4.821, 0.005
-21.553, 6.188, -14.947, -21.553, 6.185, -14.950, 0.005
19.007, 0.162, -23.497, 19.001, 0.161, -23.508, 0.013
6.018, 19.970, -3.410, 6.012, 19.973, -3.413, 0.008
-16.025, -17.527, -47.165, -16.025, -17.528, -47.172, 0.007
-25.487, 4.148, -42.574, -25.489, 4.152, -42.579, 0.006
-18.859, -29.446, -38.230, -18.858, -29.450, -38.233, 0.005
1.339, 22.846, 30.449, 1.339, 22.846, 30.449, 0.000
-10.494, 9.732, 31.785, -10.491, 9.736, 31.783, 0.005
-40.799, -14.385, -30.586, -40.802, -14.384, -30.588, 0.004
-6.628, 3.932, -31.569, -6.635, 3.929, -31.569, 0.008
-5.331, -24.091, -35.083, -5.330, -24.092, -35.084, 0.003
11.795, 22.013, 39.723, 11.795, 22.013, 39.723, 0.000
28.840, -7.920, 6.235, 28.840, -7.914, 6.232, 0.007
-12.283, -25.448, -40.996, -12.281, -25.452, -40.999, 0.005
-36.390, 5.304, -22.146, -36.390, 5.304, -22.146, 0.000
17.693, -2.090, 60.816, 17.698, -2.093, 60.816, 0.006
21.452, -14.650, -4.436, 21.448, -14.646, -4.441, 0.007
12.180, 21.497, -15.167, 12.172, 21.499, -15.168, 0.008
-18.706, -6.810, -48.423, -18.705, -6.809, -48.428, 0.005
40.371, 4.099, -2.584, 40.367, 4.099, -2.585, 0.004
6.431, 21.911, 33.467, 6.431, 21.908, 33.466, 0.003
6.996, -10.182, -22.816, 6.998, -10.183, -22.819, 0.004
18.826, -13.892, -1.584, 18.823, -13.885, -1.589, 0.010
17.776, 20.090, -29.538, 17.778, 20.093, -29.542, 0.006
12.615, 14.967, -12.786, 12.546, 14.761, -12.656, 0.253
-8.199, -20.650, -9.811, -8.201, -20.646, -9.818, 0.009
15.001, -17.578, -8.411, 15.001, -17.574, -8.410, 0.004
35.512, -3.641, 1.895, 35.510, -3.639, 1.896, 0.003
29.378, 19.220, -21.076, 29.381, 19.222, -21.078, 0.004
25.491, -11.368, -21.259, 25.493, -11.374, -21.263, 0.007
-2.079, 1.383, -26.460, -2.078, 1.383, -26.461, 0.001
-11.954, -25.831, -40.382, -11.954, -25.830, -40.381, 0.001
11.690, 25.968, 11.013, 11.690, 25.968, 11.013, 0.000
24.222, 16.296, -28.087, 24.225, 16.300, -28.094, 0.009
21.292, 0.787, 49.073, 21.296, 0.786, 49.073, 0.003
-1.976, -11.139, 9.400, -1.975, -11.133, 9.399, 0.006
18.373, 26.290, -7.438, 18.374, 26.293, -7.438, 0.003
6.335, -6.986, 48.021, 6.335, -6.988, 48.021, 0.002
2.433, 3.853, 63.570, 2.433, 3.853, 63.562, 0.008
-28.524, 7.050, -38.028, -28.525, 7.052, -38.030, 0.003
-6.030, 14.194, 9.145, -6.034, 14.197, 9.143, 0.005
34.490, 15.191, 7.597, 34.487, 15.188, 7.595, 0.004
-6.489, 24.592, 22.378, -6.490, 24.598, 22.377, 0.005
-13.051, -30.809, -30.891, -13.052, -30.805, -30.891, 0.005
-42.387, -8.545, -17.890, -42.384, -8.545, -17.891, 0.003
2.855, 6.128, -18.297, 2.857, 6.133, -18.301, 0.007
-25.814, -26.269, -41.458, -25.814, -26.270, -41.459, 0.002
13.133, -16.238, -1.877, 13.132, -16.235, -1.878, 0.003
-9.583, 4.015, 23.845, -9.577, 4.016, 23.843, 0.006
15.523, -10.675, 7.100, 15.522, -10.674, 7.100, 0.001
-1.323, 19.733, 41.869, -1.323, 19.733, 41.869, 0.001
-0.421, -21.126, -22.917, -0.425, -21.123, -22.916, 0.005
-27.294, -27.087, -12.022, -27.294, -27.082, -12.026, 0.006
18.507, -17.053, -6.157, 18.506, -17.050, -6.157, 0.004
-7.119, 5.564, 40.169, -7.115, 5.565, 40.169, 0.004
25.062, 11.729, 31.696, 25.066, 11.730, 31.697, 0.004
12.417, -16.795, -8.940, 12.417, -16.793, -8.939, 0.002
-6.634, -14.809, -43.080, -6.632, -14.809, -43.083, 0.003
19.488, -2.012, 46.986, 19.486, -2.009, 46.985, 0.004
18.913, -16.803, -5.657, 18.911, -16.799, -5.658, 0.005
33.765, 11.119, -21.385, 33.766, 11.119, -21.386, 0.001
10.587, 22.647, 29.761, 10.587, 22.648, 29.761, 0.001
3.796, -15.700, -5.567, 3.795, -15.691, -5.569, 0.009
10.182, -7.699, 19.691, 10.182, -7.693, 19.689, 0.007
-16.376, 2.517, -44.423, -16.375, 2.520, -44.426, 0.004
25.501, 22.050, 11.453, 25.501, 22.050, 11.453, 0.000
-41.416, -19.553, -23.949, -41.419, -19.554, -23.949, 0.003
29.273, 21.197, 6.554, 29.273, 21.197, 6.554, 0.001
-13.953, 12.571, 19.767, -13.951, 12.573, 19.768, 0.002
-30.407, 6.930, -36.782, -30.412, 6.936, -36.785, 0.008
27.253, 22.820, 4.093, 27.254, 22.822, 4.093, 0.003
-34.497, -17.379, -9.387, -34.495, -17.377, -9.389, 0.004
8.348, 25.334, 12.697, 8.348, 25.331, 12.697, 0.003
15.612, 23.093, 23.888, 15.612, 23.096, 23.888, 0.003
8.893, 24.243, 19.697, 8.893, 24.244, 19.697, 0.001
-2.929, -8.576, -39.763, -2.928, -8.576, -39.765, 0.002
-1.463, 17.052, 49.626, -1.458, 17.047, 49.626, 0.007
0.746, 11.880, -5.933, 0.745, 11.882, -5.934, 0.002
-6.105, 0.391, 48.492, -6.099, 0.393, 48.492, 0.006
33.066, 12.464, -21.966, 33.070, 12.467, -21.968, 0.006
9.712, -6.807, 28.602, 9.712, -6.806, 28.602, 0.001
4.011, 23.633, 23.170, 4.011, 23.631, 23.170, 0.001
11.201, -1.827, 63.212, 11.200, -1.828, 63.203, 0.008
25.649, -7.770, 7.704, 25.648, -7.763, 7.702, 0.008
0.862, 23.962, 22.801, 0.862, 23.963, 22.801, 0.001
14.397, 22.565, 32.268, 14.397, 22.564, 32.268, 0.001
-19.003, -20.599, -46.732, -19.003, -20.600, -46.736, 0.004
10.638, 23.284, 25.387, 10.638, 23.285, 25.388, 0.001
38.311, 11.058, 2.362, 38.312, 11.059, 2.362, 0.001
-39.694, -10.621, -38.879, -39.698, -10.622, -38.880, 0.004
31.566, 18.963, 7.474, 31.568, 18.965, 7.474, 0.002
27.324, -12.411, -17.306, 27.321, -12.406, -17.305, 0.006
21.261, -3.619, 31.565, 21.259, -3.616, 31.565, 0.003
21.015, 4.091, 58.650, 21.026, 4.089, 58.651, 0.011
33.506, 13.798, -18.656, 33.508, 13.799, -18.656, 0.002
-8.228, -13.288, -0.571, -8.227, -13.281, -0.576, 0.009
34.150, -4.991, 1.030, 34.149, -4.990, 1.031, 0.001
33.024, 15.499, 9.831, 33.021, 15.497, 9.830, 0.004
20.929, 13.093, 53.133, 20.933, 13.095, 53.133, 0.004
30.603, 3.940, 18.376, 30.599, 3.940, 18.374, 0.005
27.359, 1.617, 25.164, 27.356, 1.618, 25.163, 0.003
17.282, 24.866, -23.478, 17.281, 24.872, -23.480, 0.006
3.607, -6.938, 45.978, 3.606, -6.941, 45.977, 0.003
0.140, 17.888, 53.656, 0.143, 17.884, 53.656, 0.005
22.002, 8.744, 53.970, 22.013, 8.744, 53.971, 0.011
2.437, 22.186, 32.516, 2.437, 22.183, 32.516, 0.003
-2.121, -2.168, -28.844, -2.117, -2.165, -28.847, 0.005
6.357, 14.865, 63.158, 6.358, 14.865, 63.149, 0.010
3.424, -7.368, 61.307, 3.424, -7.369, 61.307, 0.002
-4.584, 21.754, 15.274, -4.584, 21.756, 15.273, 0.002
-6.079, -18.119, -41.749, -6.080, -18.119, -41.748, 0.001
18.359, -5.688, 26.083, 18.393, -5.616, 26.333, 0.262
-32.466, -0.087, -42.695, -32.467, -0.085, -42.698, 0.004
11.510, 19.613, -22.572, 11.509, 19.614, -22.572, 0.001
-0.202, -7.246, 33.940, -0.202, -7.244, 33.940, 0.002
-10.200, 24.848, 25.276, -10.200, 24.848, 25.276, 0.000
-10.500, -7.502, 7.318, -10.496, -7.498, 7.316, 0.007
-14.624, -16.521, -5.500, -14.624, -16.519, -5.505, 0.006
29.586, 16.361, 13.994, 29.584, 16.359, 13.992, 0.003
-2.602, 15.099, 60.697, -2.598, 15.095, 60.697, 0.005
4.150, 18.274, 62.366, 4.153, 18.268, 62.361, 0.008
6.801, 22.087, 32.667, 6.802, 22.079, 32.666, 0.008
-4.100, -6.066, 31.781, -4.099, -6.065, 31.781, 0.002
23.335, 23.165, 11.180, 23.333, 23.160, 11.179, 0.005
-12.104, 22.784, 20.104, -12.106, 22.787, 20.100, 0.005
-41.615, -7.307, -16.807, -41.617, -7.307, -16.806, 0.002
-9.697, 23.384, 19.694, -9.698, 23.387, 19.692, 0.003
-1.800, -5.869, 42.953, -1.799, -5.866, 42.953, 0.003
8.737, -14.656, -17.241, 8.739, -14.661, -17.244, 0.006
-36.014, -10.612, -44.446, -36.018, -10.611, -44.450, 0.007
-42.714, -16.646, -24.836, -42.718, -16.648, -24.835, 0.005
-26.473, -13.851, -6.274, -26.473, -13.849, -6.278, 0.005
28.089, 15.216, 17.501, 28.086, 15.215, 17.499, 0.003
-28.877, -18.432, -46.284, -28.879, -18.433, -46.289, 0.005
-4.855, -3.007, 43.419, -4.846, -3.003, 43.418, 0.010
-43.000, -16.377, -26.697, -43.000, -16.377, -26.697, 0.001
-28.949, -16.305, -47.117, -28.949, -16.305, -47.123, 0.006
38.502, 6.749, 7.545, 38.497, 6.748, 7.542, 0.006
30.655, 17.139, -21.336, 30.658, 17.141, -21.338, 0.004
0.419, 21.675, 35.470, 0.419, 21.669, 35.468, 0.006
-14.850, -31.791, -26.455, -14.850, -31.790, -26.455, 0.000
-38.755, -22.706, -19.895, -38.757, -22.708, -19.895, 0.003
-16.536, -7.298, -48.072, -16.535, -7.297, -48.076, 0.004
19.945, 2.619, -25.250, 19.937, 2.616, -25.256, 0.010
20.883, -6.038, 19.065, 20.882, -6.035, 19.065, 0.003
18.378, -7.025, 16.110, 18.379, -7.027, 16.110, 0.001
2.975, 11.309, 63.297, 2.975, 11.309, 63.289, 0.008
12.286, 0.787, -20.778, 12.285, 0.792, -20.787, 0.011
-3.901, 22.792, 33.822, -3.902, 22.789, 33.821, 0.003
13.514, -5.758, 53.750, 13.516, -5.762, 53.750, 0.004
-12.116, 9.905, 18.690, -12.120, 9.905, 18.690, 0.004
1.257, -6.754, 44.947, 1.257, -6.758, 44.947, 0.004
21.665, 8.124, 57.360, 21.674, 8.125, 57.361, 0.009
13.932, -5.514, 53.579, 13.937, -5.522, 53.579, 0.009
-19.093, -8.097, -2.813, -19.090, -8.096, -2.818, 0.006
-29.563, -21.716, -8.464, -29.561, -21.714, -8.468, 0.005
-3.625, -9.760, 14.686, -3.624, -9.757, 14.686, 0.003
5.518, -16.748, -13.559, 5.517, -16.748, -13.559, 0.000
-6.990, -7.676, 15.569, -6.987, -7.674, 15.568, 0.004
-6.513, -26.849, -31.010, -6.514, -26.847, -31.010, 0.002
-26.136, -3.702, -47.244, -26.136, -3.701, -47.246, 0.002
