200, PA4-C-Debug-Output.txt
-21.345, 12.053, -29.849, -21.346, 12.059, -29.850, 0.006
-29.453, -14.951, -47.140, -29.453, -14.952, -47.148, 0.008
16.319, 20.933, 41.865, 16.318, 20.930, 41.865, 0.003
30.008, 17.091, 12.572, 30.001, 17.086, 12.568, 0.009
20.427, 24.424, 10.450, 20.426, 24.422, 10.449, 0.003
-25.237, 4.989, -14.139, -25.237, 4.987, -14.142, 0.004
38.338, 1.413, -12.561, 38.342, 1.413, -12.562, 0.004
-13.547, 18.072, 34.491, -13.543, 18.071, 34.487, 0.006
6.893, 4.848, -17.825, 6.894, 4.852, -17.829, 0.005
-0.342, -11.608, 7.238, -0.342, -11.609, 7.238, 0.001
10.237, -8.132, -21.769, 10.238, -8.132, -21.771, 0.001
36.875, -2.281, -7.580, 36.879, -2.286, -7.579, 0.006
-34.875, 6.556, -22.155, -34.875, 6.556, -22.155, 0.001
12.202, 21.136, -28.401, 12.197, 21.137, -28.402, 0.005
-5.721, -12.567, 2.013, -5.723, -12.571, 2.014, 0.004
-39.211, -21.209, -18.201, -39.213, -21.210, -18.200, 0.003
-2.091, -21.210, -33.634, -2.092, -21.210, -33.634, 0.001
-8.030, -7.786, 10.999, -8.031, -7.786, 10.999, 0.000
-11.577, 6.505, 19.739, -11.574, 6.506, 19.738, 0.003
-41.339, -10.338, -15.860, -41.340, -10.338, -15.859, 0.001
25.698, -12.801, -6.138, 25.699, -12.803, -6.138, 0.002
4.146, -12.562, 4.535, 4.146, -12.562, 4.535, 0.000
-14.003, 8.987, -35.829, -14.003, 8.988, -35.829, 0.001
-32.597, -8.168, -7.984, -32.596, -8.169, -7.987, 0.003
22.705, 4.359, 46.644, 22.703, 4.359, 46.644, 0.002
-10.633, -28.326, -35.097, -10.633, -28.325, -35.097, 0.001
31.346, 4.271, -27.025, 31.346, 4.271, -27.026, 0.001
1.205, 2.384, -22.901, 1.206, 2.385, -22.902, 0.002
18.280, 16.157, 58.131, 18.282, 16.159, 58.131, 0.004
-32.541, -7.511, -8.240, -32.539, -7.514, -8.247, 0.008
-9.809, -7.947, 7.737, -9.807, -7.945, 7.735, 0.003
30.177, 20.426, -16.471, 30.174, 20.424, -16.471, 0.004
24.494, -14.372, -10.479, 24.494, -14.372, -10.479, 0.001
27.556, 8.104, 25.640, 27.553, 8.103, 25.639, 0.003
7.692, 25.413, 8.881, 7.694, 25.407, 8.880, 0.006
33.908, -5.374, 6.942, 33.908, -5.374, 6.942, 0.001
30.257, 13.016, 15.959, 30.249, 13.014, 15.956, 0.008
-15.574, -30.511, -19.072, -15.575, -30.508, -19.073, 0.003
-2.212, -2.436, -29.210, -2.211, -2.436, -29.211, 0.001
28.038, 9.873, -29.755, 28.041, 9.875, -29.760, 0.007
-26.108, -6.433, -7.321, -26.105, -6.435, -7.325, 0.005
-13.698, 4.524, -3.318, -13.699, 4.525, -3.318, 0.001
-4.242, 13.763, 57.270, -4.238, 13.761, 57.269, 0.004
28.486, 21.332, 8.213, 28.484, 21.329, 8.212, 0.004
25.500, 24.125, -0.167, 25.495, 24.116, -0.168, 0.010
9.341, -3.447, -22.051, 9.342, -3.447, -22.055, 0.005
22.198, 21.657, 18.910, 22.198, 21.656, 18.910, 0.001
17.064, 21.602, 36.197, 17.063, 21.601, 36.197, 0.002
-16.330, -30.488, -18.500, -16.330, -30.488, -18.500, 0.000
-0.415, -6.123, 46.051, -0.416, -6.126, 46.051, 0.003
16.418, -4.602, 48.456, 16.421, -4.606, 48.456, 0.004
-7.544, -11.871, -44.741, -7.543, -11.871, -44.743, 0.002
7.437, 12.969, 63.181, 7.437, 12.968, 63.169, 0.012
-27.848, -27.666, -13.370, -27.848, -27.667, -13.369, 0.002
21.464, -0.898, 42.634, 21.466, -0.900, 42.635, 0.003
-21.930, 12.279, -28.102, -21.929, 12.277, -28.102, 0.002
-5.026, -2.216, 50.587, -5.025, -2.216, 50.587, 0.001
-26.796, -28.728, -14.766, -26.795, -28.725, -14.767, 0.003
-39.645, 2.180, -29.430, -39.645, 2.180, -29.430, 0.000
7.107, 14.001, 63.154, 7.107, 14.001, 63.144, 0.010
17.203, 23.215, -26.889, 17.203, 23.216, -26.890, 0.002
-12.346, 10.014, -26.590, -12.349, 10.010, -26.589, 0.005
-8.880, 7.118, -30.259, -8.884, 7.115, -30.258, 0.004
17.853, -7.456, -22.780, 17.846, -7.457, -22.787, 0.010
21.619, 7.993, 57.821, 21.624, 7.993, 57.821, 0.005
15.021, -0.350, -21.626, 15.020, -0.347, -21.632, 0.007
23.649, 13.253, -30.070, 23.650, 13.257, -30.075, 0.007
38.633, 1.684, -11.799, 38.635, 1.684, -11.800, 0.002
-10.821, 18.491, 36.983, -10.818, 18.490, 36.979, 0.005
10.483, 20.714, 56.565, 10.483, 20.712, 56.565, 0.003
31.562, 19.492, -8.289, 31.559, 19.489, -8.290, 0.004
-21.129, -31.943, -19.736, -21.129, -31.945, -19.735, 0.002
20.100, 15.409, 49.072, 20.099, 15.409, 49.072, 0.001
-2.607, 15.848, 53.727, -2.603, 15.843, 53.726, 0.006
-27.104, -30.259, -35.003, -27.104, -30.260, -35.004, 0.000
-24.398, 9.831, -35.660, -24.400, 9.836, -35.662, 0.006
13.125, -13.091, -17.204, 13.123, -13.098, -17.210, 0.010
37.207, 8.292, -12.069, 37.210, 8.293, -12.070, 0.004
9.804, -6.480, 35.769, 9.805, -6.485, 35.769, 0.005
-18.652, -32.537, -26.599, -18.653, -32.533, -26.600, 0.004
9.870, -6.770, 28.762, 9.871, -6.776, 28.763, 0.007
15.581, 21.305, 40.980, 15.581, 21.305, 40.980, 0.001
-14.116, 6.789, -39.750, -14.117, 6.788, -39.749, 0.002
-2.283, -6.520, -36.559, -2.291, -6.522, -36.556, 0.009
23.665, 22.764, -23.025, 23.668, 22.768, -23.028, 0.006
-4.247, 4.336, -25.868, -4.248, 4.336, -25.868, 0.001
11.788, 25.554, -5.995, 11.787, 25.555, -5.996, 0.002
6.815, -9.186, 17.077, 6.813, -9.181, 17.075, 0.005
21.205, 11.743, 54.758, 21.211, 11.745, 54.758, 0.006
-7.270, -3.425, -42.368, -7.268, -3.424, -42.370, 0.003
15.146, -5.389, 45.093, 15.146, -5.388, 45.093, 0.001
23.430, 24.832, -7.093, 23.428, 24.826, -7.092, 0.006
23.356, 2.511, 41.481, 23.360, 2.510, 41.481, 0.004
-18.398, -7.708, -2.340, -18.396, -7.707, -2.344, 0.006
-4.922, 24.476, 22.317, -4.923, 24.474, 22.317, 0.002
-2.793, 8.515, -15.862, -2.793, 8.516, -15.862, 0.001
-17.301, -7.230, -0.658, -17.302, -7.230, -0.657, 0.001
0.849, -6.514, -27.651, 0.851, -6.513, -27.653, 0.004
2.460, -7.216, 56.801, 2.460, -7.220, 56.801, 0.003
-14.173, -11.949, -48.304, -14.172, -11.949, -48.307, 0.004
10.109, 6.226, -15.837, 10.110, 6.231, -15.843, 0.008
-40.567, -20.385, -20.752, -40.572, -20.387, -20.751, 0.006
36.190, 1.141, 10.843, 36.183, 1.142, 10.837, 0.009
-18.499, 12.229, -27.970, -18.500, 12.227, -27.969, 0.003
3.680, 24.104, 11.835, 3.683, 24.096, 11.834, 0.009
25.184, 23.296, -19.507, 25.186, 23.299, -19.508, 0.004
28.389, -11.584, -12.206, 28.389, -11.584, -12.206, 0.001
18.143, 23.520, -26.016, 18.144, 23.524, -26.019, 0.005
32.660, 14.440, 11.671, 32.655, 14.437, 11.666, 0.007
21.942, 15.323, 38.193, 21.940, 15.321, 38.193, 0.003
18.050, 25.713, -11.897, 18.050, 25.716, -11.898, 0.003
21.206, 4.785, -28.600, 21.198, 4.779, -28.609, 0.013
4.948, 21.422, 37.100, 4.948, 21.418, 37.100, 0.004
-8.442, 11.365, 9.643, -8.447, 11.368, 9.639, 0.007
7.043, 25.154, 11.680, 7.043, 25.151, 11.680, 0.003
25.987, 2.953, -29.813, 25.984, 2.955, -29.825, 0.012
17.042, -0.324, -22.267, 17.036, -0.324, -22.275, 0.011
25.979, 3.288, 31.029, 25.978, 3.288, 31.029, 0.001
-3.391, -5.592, 36.187, -3.387, -5.588, 36.187, 0.006
-37.243, -23.919, -18.600, -37.245, -23.921, -18.599, 0.003
-38.751, 0.520, -35.275, -38.759, 0.525, -35.278, 0.010
20.082, 3.004, 62.167, 20.080, 3.004, 62.166, 0.002
20.459, 13.134, 58.419, 20.461, 13.134, 58.420, 0.002
-33.029, -0.804, -42.942, -33.032, -0.799, -42.949, 0.009
-25.509, -29.028, -14.705, -25.509, -29.030, -14.704, 0.002
-33.914, 3.583, -14.944, -33.913, 3.583, -14.945, 0.001
-13.855, 22.763, 24.114, -13.853, 22.761, 24.114, 0.003
-14.770, -8.308, 1.347, -14.771, -8.309, 1.348, 0.002
-43.122, -6.681, -20.065, -43.123, -6.681, -20.065, 0.001
39.168, 9.657, 0.416, 39.165, 9.656, 0.416, 0.003
2.750, -7.299, 60.761, 2.750, -7.300, 60.761, 0.001
15.129, -7.373, 17.442, 15.129, -7.368, 17.441, 0.005
7.899, -4.001, 63.415, 7.899, -4.001, 63.407, 0.009
-7.248, -3.455, 27.354, -7.249, -3.456, 27.355, 0.001
-21.175, -19.207, -47.331, -21.175, -19.210, -47.339, 0.008
29.838, 18.717, -20.959, 29.838, 18.716, -20.959, 0.001
11.773, 12.523, 63.130, 11.773, 12.523, 63.119, 0.011
-11.360, -26.484, -14.924, -11.363, -26.479, -14.927, 0.006
-36.641, -21.433, -14.100, -36.643, -21.434, -14.099, 0.002
-21.971, -32.711, -26.084, -21.971, -32.711, -26.084, 0.000
-11.298, -0.037, 14.242, -11.297, -0.036, 14.242, 0.001
10.621, -3.307, -21.932, 10.622, -3.306, -21.943, 0.011
13.114, -17.299, -7.594, 13.112, -17.303, -7.594, 0.004
-18.447, -31.449, -34.346, -18.446, -31.454, -34.347, 0.006
12.828, 23.180, 26.971, 12.828, 23.179, 26.971, 0.001
15.157, 19.178, 56.002, 15.157, 19.178, 56.002, 0.000
-31.793, -9.212, -46.873, -31.796, -9.213, -46.881, 0.009
-4.544, -0.981, -36.298, -4.546, -0.982, -36.297, 0.003
4.964, -7.098, 49.422, 4.964, -7.103, 49.422, 0.006
-14.863, -21.022, -44.951, -14.861, -21.024, -44.955, 0.005
-7.826, -3.869, 23.486, -7.827, -3.870, 23.486, 0.002
-2.357, 7.900, -17.669, -2.357, 7.904, -17.671, 0.004
21.757, 16.615, 35.404, 21.760, 16.617, 35.404, 0.003
29.350, -8.364, 3.279, 29.349, -8.362, 3.279, 0.001
-38.745, 1.837, -33.125, -38.747, 1.839, -33.126, 0.003
-43.085, -12.211, -20.911, -43.093, -12.212, -20.909, 0.007
29.313, -10.818, -18.267, 29.317, -10.822, -18.269, 0.006
-7.287, 6.385, 38.919, -7.282, 6.386, 38.919, 0.005
-6.034, -0.521, 39.840, -6.029, -0.519, 39.840, 0.005
11.654, 21.401, 50.921, 11.654, 21.399, 50.921, 0.002
-39.751, 0.632, -19.085, -39.756, 0.636, -19.084, 0.006
13.819, -7.237, 19.488, 13.819, -7.236, 19.488, 0.001
-10.239, -1.101, -43.541, -10.238, -1.100, -43.543, 0.003
-4.427, -25.311, -29.407, -4.425, -25.313, -29.408, 0.003
2.309, 18.652, 53.990, 2.311, 18.646, 53.990, 0.007
10.734, -6.708, 60.408, 10.736, -6.713, 60.407, 0.005
-23.345, -21.039, -46.083, -23.348, -21.044, -46.090, 0.009
24.632, 10.310, 35.979, 24.630, 10.309, 35.979, 0.002
-12.644, -23.327, -10.511, -12.647, -23.324, -10.514, 0.005
25.798, -5.499, 13.959, 25.799, -5.503, 13.960, 0.005
24.933, -11.694, -2.644, 24.932, -11.688, -2.646, 0.006
18.276, 25.834, 7.754, 18.275, 25.830, 7.753, 0.005
-28.575, -19.080, -46.227, -28.579, -19.083, -46.237, 0.010
18.483, -5.663, 26.015, 18.524, -5.585, 26.306, 0.303
-40.476, -21.331, -24.753, -40.479, -21.333, -24.753, 0.004
-10.608, 4.031, -39.889, -10.609, 4.030, -39.888, 0.002
-2.511, 0.376, -27.626, -2.508, 0.377, -27.628, 0.003
-17.402, -22.447, -8.693, -17.403, -22.443, -8.700, 0.008
29.284, 16.305, -23.669, 29.295, 16.318, -23.648, 0.027
34.788, -3.832, -2.499, 34.789, -3.834, -2.499, 0.002
-11.709, 5.837, 15.567, -11.708, 5.837, 15.567, 0.001
24.707, 4.474, 36.204, 24.707, 4.474, 36.204, 0.001
-11.782, 6.670, 14.263, -11.781, 6.670, 14.262, 0.002
31.910, 15.279, -21.060, 31.911, 15.279, -21.061, 0.002
22.082, 25.262, -7.950, 22.083, 25.264, -7.951, 0.002
-25.085, -31.164, -34.185, -25.085, -31.164, -34.185, 0.001
-39.481, 2.323, -29.999, -39.483, 2.324, -29.999, 0.002
15.429, 18.229, 61.405, 15.429, 18.230, 61.405, 0.001
-10.801, 10.475, 14.093, -10.800, 10.475, 14.093, 0.001
19.670, -13.587, -18.078, 19.669, -13.596, -18.087, 0.013
1.182, -6.802, -27.322, 1.184, -6.802, -27.324, 0.003
-6.695, 3.537, 47.364, -6.690, 3.538, 47.364, 0.006
-10.009, 13.017, 13.773, -10.011, 13.017, 13.772, 0.002
8.770, -2.569, -22.166, 8.773, -2.568, -22.175, 0.009
1.335, 22.503, 11.196, 1.337, 22.501, 11.197, 0.003
-24.812, -24.226, -9.143, -24.812, -24.221, -9.148, 0.007
-36.429, -22.892, -36.924, -36.435, -22.896, -36.928, 0.008
-6.768, 4.231, 44.870, -6.766, 4.231, 44.870, 0.002
12.705, 20.510, 57.449, 12.705, 20.510, 57.449, 0.000
33.026, -2.008, 12.964, 33.022, -2.004, 12.960, 0.007
